cur_topo missing1 missing2 missing3 missing4 missing5 missing6 missing7 missing8
123 0.101779 0.178936 0.258782 0.204985 0.064999 0.438603 0.216910 0.144884
123 0.111620 0.178028 0.267554 0.205598 0.075896 0.438953 0.215797 0.147684
123 0.107672 0.172735 0.267291 0.201056 0.072089 0.439700 0.220193 0.139841
124 0.262814 0.172058 0.042308 0.144478 0.178348 0.279133 0.097052 0.078259
124 0.268911 0.182666 0.031954 0.149426 0.186903 0.279514 0.105780 0.071332
124 0.262205 0.179581 0.047747 0.149026 0.181495 0.275221 0.107815 0.083135
125 0.260038 0.173909 0.042044 0.154385 0.189001 0.281043 0.103511 0.082712
125 0.268023 0.183581 0.043315 0.139333 0.182923 0.270662 0.098916 0.068271
125 0.265165 0.178905 0.034983 0.141121 0.183157 0.274226 0.098438 0.067568
126 0.363994 0.081675 0.326191 0.198677 0.392073 0.227314 0.187273 0.006580
126 0.359020 0.078598 0.320326 0.201105 0.391902 0.228979 0.198881 0.015257
126 0.363472 0.077891 0.315811 0.201970 0.390452 0.231501 0.201336 0.016351
127 0.252474 0.073310 0.144832 0.146366 0.288019 0.298421 0.139063 0.012735
127 0.243644 0.078809 0.160103 0.145111 0.296909 0.292352 0.152409 0.010583
127 0.246512 0.066563 0.150235 0.139146 0.295593 0.288783 0.140549 0.017563
128 0.285404 0.225435 0.182124 0.251636 0.409517 0.010626 0.333115 0.346487
128 0.284574 0.234021 0.184858 0.243479 0.406550 0.009529 0.327087 0.340992
128 0.285562 0.236638 0.187067 0.256614 0.411492 0.010687 0.328064 0.348484
134 0.141156 0.150040 0.184174 0.307804 0.121264 0.445694 0.081394 0.124592
134 0.134504 0.139862 0.187708 0.318067 0.115959 0.455885 0.076883 0.130087
134 0.138154 0.143519 0.178627 0.308813 0.116735 0.450066 0.069275 0.122281
135 0.145918 0.142302 0.190446 0.321397 0.118284 0.444494 0.074097 0.130142
135 0.131038 0.151480 0.184655 0.317410 0.115758 0.449456 0.087606 0.130894
135 0.140714 0.139025 0.191516 0.312239 0.117583 0.446619 0.075149 0.125523
136 0.229630 0.297290 0.371424 0.590659 0.267275 0.542730 0.153377 0.009971
136 0.226454 0.302982 0.369372 0.585993 0.269908 0.537184 0.146472 0.008816
136 0.222232 0.303800 0.368325 0.584730 0.263885 0.537378 0.143402 0.009335
137 0.237177 0.300762 0.343321 0.599628 0.355747 0.502426 0.136274 0.015389
137 0.239322 0.298660 0.344656 0.599014 0.362174 0.493569 0.148065 0.009229
137 0.238497 0.294362 0.334908 0.603484 0.354929 0.499715 0.145581 0.015506
138 0.083180 0.309130 0.404067 0.554013 0.269586 0.013283 0.308709 0.338389
138 0.083534 0.312547 0.401286 0.554925 0.273234 0.007230 0.305746 0.339670
138 0.095734 0.309072 0.407843 0.552011 0.264732 0.018469 0.317930 0.330309
145 0.213111 0.215903 0.047295 0.468331 0.242033 0.330623 0.211402 0.057657
145 0.202310 0.206500 0.044712 0.465681 0.241061 0.326691 0.202177 0.060191
145 0.209106 0.208090 0.042618 0.473058 0.250065 0.342188 0.204639 0.054933
146 0.422067 0.089204 0.114944 0.453652 0.337068 0.284446 0.239864 0.056328
146 0.422017 0.072251 0.122249 0.452059 0.333078 0.287425 0.241749 0.061695
146 0.421604 0.088890 0.116381 0.452568 0.338479 0.292424 0.238664 0.058047
147 0.435423 0.105464 0.128452 0.449415 0.330764 0.325340 0.327022 0.039998
147 0.430136 0.108868 0.129638 0.446083 0.333657 0.321656 0.321866 0.037145
147 0.429352 0.116021 0.123238 0.443180 0.336654 0.321858 0.320707 0.039265
148 0.417477 0.188243 0.011836 0.447005 0.436151 0.012341 0.553274 0.389842
148 0.420635 0.189390 0.007056 0.454300 0.435531 0.003833 0.554715 0.387975
148 0.428694 0.191660 0.013843 0.448666 0.441342 0.010876 0.566859 0.392248
156 0.421785 0.067758 0.116043 0.447912 0.330808 0.282035 0.229292 0.063956
156 0.422849 0.078990 0.110441 0.446752 0.324871 0.285850 0.228296 0.053178
156 0.419749 0.068987 0.111779 0.447720 0.328869 0.287666 0.236849 0.054507
157 0.433420 0.106907 0.125351 0.451032 0.331685 0.323708 0.323938 0.039486
157 0.426797 0.111449 0.129304 0.444758 0.336683 0.321393 0.322482 0.036344
157 0.427377 0.113493 0.117877 0.444646 0.340548 0.323697 0.321602 0.032427
158 0.426634 0.192949 0.016285 0.452266 0.436662 0.013368 0.560535 0.392375
158 0.425795 0.185398 0.006989 0.440863 0.439888 0.010720 0.563973 0.389620
158 0.416435 0.190557 0.005236 0.444361 0.434874 0.004865 0.559932 0.390413
167 0.275656 0.218684 0.064767 0.455708 0.351648 0.369577 0.135689 0.033782
167 0.271281 0.220046 0.064203 0.457951 0.347662 0.364198 0.137540 0.041348
167 0.274614 0.221711 0.082371 0.449115 0.356384 0.373870 0.136748 0.043809
168 0.316168 0.204944 0.018603 0.463840 0.229065 0.018146 0.234258 0.257427
168 0.328142 0.199483 0.011456 0.475133 0.244075 0.016168 0.240947 0.259297
168 0.328701 0.201325 0.020852 0.480029 0.255458 0.014857 0.237158 0.235729
178 0.318583 0.205798 0.018041 0.469840 0.237066 0.018589 0.223631 0.434551
178 0.315311 0.209385 0.016186 0.465148 0.233132 0.013851 0.245204 0.444530
178 0.323356 0.208540 0.020145 0.468330 0.228253 0.012334 0.231281 0.431736
234 0.111617 0.192927 0.353665 0.377070 0.154144 0.439842 0.224009 0.138832
234 0.125941 0.187440 0.350246 0.375092 0.164350 0.451318 0.235984 0.132021
234 0.110885 0.200688 0.361321 0.362582 0.155139 0.449907 0.232648 0.142286
235 0.115948 0.196413 0.352415 0.369391 0.159549 0.448742 0.231618 0.138294
235 0.119092 0.198690 0.353275 0.363070 0.173332 0.454489 0.222701 0.131636
235 0.116816 0.181963 0.347037 0.373643 0.160095 0.441880 0.218501 0.137638
236 0.321598 0.208427 0.471306 0.281804 0.402321 0.441515 0.095375 0.009785
236 0.316327 0.211776 0.467145 0.282340 0.410783 0.443187 0.091427 0.006686
236 0.312157 0.213009 0.461776 0.277451 0.410683 0.440619 0.097832 0.012677
237 0.315307 0.221839 0.471549 0.278646 0.345620 0.459518 0.102024 0.010498
237 0.305777 0.214130 0.477696 0.274956 0.351340 0.470595 0.106827 0.007392
237 0.311474 0.228592 0.473923 0.272197 0.356370 0.456725 0.094999 0.013385
238 0.262948 0.211782 0.519561 0.380672 0.410076 0.013639 0.137444 0.396945
238 0.262796 0.203589 0.527471 0.380537 0.416746 0.007396 0.126818 0.401941
238 0.255375 0.209602 0.516393 0.377789 0.408430 0.012374 0.134079 0.392293
245 0.256898 0.080621 0.068496 0.144422 0.397752 0.232475 0.183805 0.051555
245 0.266946 0.085453 0.068037 0.166741 0.405001 0.244821 0.195977 0.045276
245 0.261380 0.086258 0.067192 0.156565 0.403402 0.235940 0.190921 0.054797
246 0.394398 0.129584 0.156543 0.433513 0.245018 0.307768 0.150121 0.206249
246 0.391695 0.129412 0.155568 0.436465 0.244839 0.308828 0.151509 0.214458
246 0.398211 0.133983 0.154937 0.444152 0.246654 0.302710 0.151305 0.214404
247 0.285234 0.051095 0.188841 0.344294 0.282510 0.311667 0.090530 0.139505
247 0.284047 0.048785 0.170989 0.340554 0.287529 0.316417 0.082262 0.143839
247 0.289895 0.037619 0.175670 0.352089 0.289883 0.303076 0.078598 0.137869
248 0.288597 0.212844 0.012021 0.470812 0.232684 0.011242 0.248702 0.449272
248 0.289135 0.210108 0.020757 0.475722 0.234579 0.015383 0.246440 0.457229
248 0.289603 0.210747 0.015650 0.482599 0.244147 0.013634 0.253246 0.450100
256 0.389357 0.135589 0.162223 0.443929 0.251348 0.307222 0.153739 0.222150
256 0.399067 0.142239 0.154186 0.440116 0.253568 0.304902 0.154346 0.208756
256 0.393810 0.135644 0.156131 0.434912 0.251261 0.307958 0.154601 0.210804
257 0.289981 0.054020 0.186931 0.331930 0.284729 0.313403 0.086301 0.141971
257 0.292629 0.055585 0.180740 0.353733 0.294188 0.319137 0.089652 0.144138
257 0.291586 0.052052 0.179439 0.337234 0.291480 0.318455 0.095347 0.139965
258 0.284279 0.218147 0.013851 0.471707 0.233979 0.014861 0.251348 0.453371
258 0.283476 0.212691 0.011104 0.467315 0.228688 0.014473 0.240788 0.450061
258 0.288983 0.214882 0.020578 0.467722 0.236299 0.013150 0.259383 0.454390
267 0.299012 0.153812 0.074199 0.276196 0.436327 0.399462 0.308498 0.041006
267 0.300832 0.141468 0.084789 0.272485 0.431894 0.395672 0.305758 0.041298
267 0.302827 0.137769 0.081219 0.268909 0.429258 0.398135 0.304809 0.040675
268 0.412351 0.190266 0.015455 0.435672 0.428120 0.013171 0.553514 0.520356
268 0.406251 0.193433 0.009221 0.433077 0.422842 0.003189 0.551910 0.516512
268 0.405911 0.180281 0.015776 0.433834 0.426847 0.004247 0.551673 0.514975
278 0.411325 0.191977 0.005956 0.436741 0.426492 0.010144 0.556464 0.535105
278 0.410351 0.191348 0.011435 0.444321 0.422255 0.009335 0.555872 0.535513
278 0.414886 0.189663 0.010191 0.444928 0.423701 0.008881 0.555576 0.538357
345 0.128061 0.189154 0.214099 0.309146 0.151651 0.463932 0.109004 0.010644
345 0.132154 0.193540 0.213617 0.303806 0.139772 0.470641 0.109517 0.009944
345 0.119773 0.194051 0.223004 0.307514 0.158699 0.471634 0.107377 0.009865
346 0.164585 0.085711 0.325253 0.213833 0.169841 0.522118 0.142790 0.002914
346 0.159417 0.099819 0.325928 0.211103 0.165210 0.522935 0.148779 0.018718
346 0.166548 0.087045 0.319666 0.216360 0.167395 0.524630 0.139539 0.007414
347 0.186099 0.094359 0.333301 0.207184 0.136118 0.519916 0.143473 0.007046
347 0.181281 0.101247 0.328054 0.196313 0.131573 0.514510 0.138991 0.009530
347 0.180063 0.099489 0.333690 0.214229 0.127980 0.517626 0.134287 0.005454
348 0.123833 0.155824 0.215460 0.185291 0.116494 0.015137 0.266290 0.359854
348 0.118940 0.153078 0.215441 0.183388 0.121116 0.020717 0.268095 0.358938
348 0.118174 0.149993 0.214421 0.186621 0.120882 0.012648 0.262079 0.361279
356 0.166331 0.094462 0.324184 0.206945 0.166401 0.524280 0.148638 0.012563
356 0.165959 0.100400 0.326254 0.215969 0.177696 0.524876 0.145500 0.007790
356 0.167552 0.097117 0.327268 0.229520 0.179790 0.529518 0.142338 0.014605
357 0.174586 0.093577 0.325887 0.194569 0.123772 0.509956 0.137964 0.004578
357 0.184288 0.104340 0.334341 0.210296 0.132745 0.524266 0.141146 0.008735
357 0.174931 0.100161 0.326418 0.203974 0.136813 0.517569 0.143333 0.009281
358 0.112450 0.162137 0.205814 0.179657 0.118006 0.013840 0.259092 0.362061
358 0.124063 0.157046 0.215332 0.178000 0.113850 0.010514 0.262369 0.362659
358 0.124000 0.154346 0.216971 0.184631 0.130933 0.009416 0.263753 0.364591
367 0.199776 0.210992 0.282418 0.298737 0.161948 0.478257 0.145480 0.010601
367 0.189811 0.213345 0.274581 0.303244 0.154017 0.475503 0.147805 0.018062
367 0.201030 0.221090 0.277570 0.297773 0.160024 0.479061 0.146670 0.008092
368 0.154788 0.224976 0.226523 0.336615 0.259934 0.015941 0.113476 0.531805
368 0.163002 0.228060 0.225171 0.331455 0.254762 0.019281 0.120012 0.535093
368 0.173152 0.231409 0.227011 0.336521 0.256919 0.018114 0.119184 0.534836
378 0.168492 0.221116 0.233142 0.341040 0.262874 0.020079 0.120801 0.532392
378 0.155748 0.226996 0.227478 0.344135 0.262684 0.013047 0.121237 0.540701
378 0.161661 0.211936 0.230835 0.344338 0.265441 0.017854 0.103006 0.528521
456 0.427368 0.233455 0.033575 0.295089 0.362612 0.257282 0.196078 0.078312
456 0.417995 0.235369 0.045728 0.291338 0.353970 0.253402 0.192935 0.065972
456 0.428944 0.234872 0.045294 0.296061 0.363049 0.262576 0.201261 0.077159
457 0.406337 0.226999 0.043980 0.335353 0.389558 0.249275 0.258844 0.076967
457 0.410967 0.211616 0.052871 0.337321 0.393343 0.247078 0.269011 0.079008
457 0.404641 0.223176 0.043262 0.340444 0.397161 0.254681 0.262935 0.065795
458 0.285924 0.221148 0.091663 0.287804 0.110939 0.012366 0.316091 0.290493
458 0.294979 0.226835 0.086083 0.294344 0.121072 0.013894 0.319542 0.297737
458 0.288952 0.217379 0.082886 0.298131 0.125944 0.016478 0.315293 0.296932
467 0.273358 0.021681 0.045093 0.241015 0.310047 0.419162 0.241994 0.207268
467 0.263889 0.020163 0.038484 0.241494 0.299914 0.425329 0.233364 0.203232
467 0.272859 0.010454 0.043761 0.244669 0.302090 0.417998 0.228294 0.215012
468 0.270861 0.155620 0.143863 0.181202 0.325842 0.016345 0.256841 0.419033
468 0.276412 0.166877 0.140625 0.190820 0.325471 0.016646 0.268821 0.418562
468 0.270405 0.170799 0.144363 0.177940 0.323866 0.014910 0.269974 0.422416
478 0.267196 0.160775 0.140864 0.184725 0.320910 0.007768 0.258196 0.506075
478 0.279927 0.165000 0.148055 0.196774 0.326853 0.015869 0.267146 0.510594
478 0.278763 0.171469 0.145482 0.179467 0.327203 0.009602 0.267186 0.510390
567 0.273268 0.020061 0.054906 0.232728 0.306289 0.423862 0.229258 0.208482
567 0.274067 0.019927 0.049290 0.241411 0.295066 0.422694 0.234842 0.208393
567 0.278106 0.024577 0.044093 0.239652 0.302870 0.423722 0.240218 0.200885
568 0.279492 0.163171 0.145854 0.183642 0.324781 0.012218 0.265171 0.430858
568 0.273045 0.159124 0.141532 0.175990 0.318982 0.012186 0.255120 0.408872
568 0.273953 0.175366 0.150576 0.189551 0.324883 0.011858 0.258726 0.425348
578 0.268644 0.169008 0.140745 0.176034 0.325187 0.018000 0.265564 0.516840
578 0.268867 0.162162 0.144602 0.177465 0.317808 0.010906 0.256475 0.507613
578 0.274340 0.157462 0.154096 0.189725 0.328856 0.011657 0.260859 0.504016
678 0.284797 0.226449 0.086817 0.296263 0.114352 0.013832 0.317999 0.247157
678 0.286065 0.227768 0.088387 0.291625 0.112474 0.014323 0.314903 0.241621
678 0.286156 0.228294 0.087102 0.296359 0.115018 0.009745 0.322626 0.234310
