cur_topo missing1 missing2 missing3 missing4 missing5 missing6 missing7 missing8 missing9 missing10
123 0.108512 0.095166 0.232339 0.210176 0.118593 0.159884 0.327000 0.261454 0.255574 0.204984
123 0.116468 0.090011 0.225946 0.215574 0.129227 0.155947 0.331856 0.263064 0.255029 0.194226
123 0.110445 0.096050 0.215506 0.217287 0.119707 0.166256 0.332525 0.266357 0.258415 0.194136
124 0.247347 0.155196 0.051334 0.220884 0.178107 0.192953 0.309771 0.177742 0.290099 0.147126
124 0.241328 0.157554 0.057571 0.220786 0.173525 0.192876 0.316157 0.174246 0.288395 0.137615
124 0.248369 0.153609 0.062831 0.219083 0.165715 0.183682 0.306550 0.171240 0.295270 0.150887
125 0.248020 0.160020 0.055984 0.225961 0.175342 0.198524 0.315999 0.176608 0.289393 0.147569
125 0.244153 0.149010 0.052852 0.226345 0.170784 0.195872 0.319973 0.173746 0.289617 0.144786
125 0.243254 0.157899 0.056993 0.216270 0.171537 0.195457 0.310966 0.167607 0.302435 0.164809
126 0.172356 0.135016 0.070094 0.264134 0.263280 0.147377 0.244971 0.203754 0.139914 0.150277
126 0.162978 0.130090 0.078127 0.264186 0.257955 0.147334 0.244998 0.199509 0.140947 0.141553
126 0.172128 0.126749 0.067983 0.262397 0.265681 0.143199 0.245952 0.198874 0.151336 0.158021
127 0.188003 0.133896 0.094158 0.191204 0.208685 0.139670 0.489922 0.200345 0.176876 0.376456
127 0.184381 0.124639 0.096580 0.189569 0.212136 0.135717 0.487201 0.197126 0.175034 0.373171
127 0.187870 0.128043 0.104348 0.188781 0.212191 0.135961 0.480690 0.195387 0.178760 0.377402
128 0.267248 0.167964 0.082350 0.193219 0.351775 0.098394 0.564294 0.182496 0.177365 0.400492
128 0.264384 0.174849 0.080357 0.198665 0.348328 0.102858 0.572116 0.191395 0.171470 0.407583
128 0.258250 0.169412 0.075442 0.191004 0.353657 0.110311 0.576267 0.188451 0.176984 0.408830
129 0.217707 0.128026 0.086536 0.206712 0.252157 0.153310 0.254704 0.316405 0.148663 0.150327
129 0.211857 0.129615 0.083352 0.212354 0.254069 0.153364 0.248716 0.331190 0.154660 0.145173
129 0.214974 0.121793 0.085829 0.215703 0.256497 0.152360 0.252989 0.323505 0.151018 0.160433
1210 0.257937 0.141783 0.109484 0.230687 0.252322 0.143195 0.255828 0.189786 0.188259 0.118762
1210 0.271844 0.164427 0.118652 0.242544 0.248839 0.135799 0.263137 0.182513 0.192550 0.121918
1210 0.255183 0.152802 0.122109 0.230660 0.257485 0.141697 0.256718 0.191954 0.189093 0.123438
134 0.196027 0.249350 0.250796 0.208246 0.271180 0.201236 0.303802 0.256267 0.248160 0.219624
134 0.190175 0.258276 0.246958 0.220617 0.276583 0.189628 0.301734 0.261169 0.226855 0.218851
134 0.201353 0.238077 0.244459 0.225151 0.273571 0.186767 0.294972 0.263661 0.238519 0.221745
135 0.192229 0.244558 0.248030 0.215900 0.274380 0.202953 0.299491 0.253276 0.250210 0.223304
135 0.188642 0.248230 0.243088 0.218090 0.272123 0.197455 0.305045 0.254230 0.245652 0.226780
135 0.181230 0.250859 0.243338 0.221425 0.271920 0.190960 0.307766 0.255097 0.245711 0.224508
136 0.098023 0.227425 0.243636 0.234562 0.257551 0.201085 0.332638 0.207336 0.245301 0.191597
136 0.096025 0.215458 0.247634 0.230244 0.247272 0.204480 0.341139 0.209506 0.253019 0.196699
136 0.088872 0.216413 0.237514 0.227515 0.260126 0.204411 0.332026 0.214560 0.244072 0.185016
137 0.063264 0.253712 0.289915 0.203110 0.134084 0.240890 0.514856 0.106741 0.243389 0.441520
137 0.067462 0.250806 0.283023 0.208780 0.141078 0.240430 0.512926 0.114657 0.239024 0.446198
137 0.072986 0.257719 0.288778 0.194140 0.129794 0.237165 0.510223 0.115792 0.238011 0.439565
138 0.085546 0.343078 0.173462 0.295064 0.125140 0.345329 0.532411 0.168957 0.116060 0.481492
138 0.093240 0.346618 0.181740 0.290718 0.120962 0.351931 0.533247 0.174439 0.103499 0.488441
138 0.085155 0.341786 0.180781 0.290798 0.131242 0.350558 0.529167 0.173181 0.112918 0.484656
139 0.090710 0.339264 0.218687 0.267709 0.325229 0.272213 0.288616 0.435430 0.284426 0.272915
139 0.087542 0.342361 0.222202 0.262566 0.336031 0.281563 0.297711 0.433030 0.273883 0.269757
139 0.088115 0.347369 0.227379 0.269069 0.333961 0.279423 0.295602 0.427963 0.277889 0.287920
1310 0.164017 0.335448 0.184560 0.331180 0.174551 0.350491 0.356418 0.408558 0.146948 0.263282
1310 0.166346 0.332428 0.182021 0.322410 0.179127 0.350070 0.359341 0.396743 0.143691 0.270973
1310 0.158422 0.335430 0.185025 0.321958 0.176803 0.357718 0.350183 0.399651 0.139019 0.262869
145 0.177680 0.278271 0.140063 0.310257 0.270745 0.284342 0.242149 0.280092 0.247020 0.140956
145 0.183115 0.279354 0.145653 0.304561 0.270428 0.289045 0.229381 0.284998 0.244807 0.162433
145 0.175098 0.285442 0.138007 0.307006 0.273903 0.282473 0.230032 0.286477 0.248265 0.147724
146 0.205884 0.184178 0.072641 0.220933 0.292561 0.167616 0.295573 0.178535 0.285184 0.139689
146 0.201914 0.183533 0.070405 0.213521 0.296703 0.164429 0.284395 0.172771 0.277623 0.146561
146 0.214745 0.183820 0.084240 0.216820 0.289306 0.166558 0.287148 0.176064 0.288252 0.141408
147 0.233840 0.178190 0.127012 0.195736 0.271044 0.172014 0.420910 0.200350 0.231643 0.242035
147 0.233339 0.190184 0.131098 0.186693 0.284969 0.172760 0.421651 0.191021 0.244791 0.244012
147 0.230479 0.180966 0.134742 0.199464 0.271467 0.169782 0.418061 0.197479 0.250240 0.241991
148 0.217257 0.239242 0.225416 0.232794 0.309381 0.254996 0.488188 0.183451 0.214113 0.331640
148 0.212403 0.238081 0.228200 0.231130 0.302172 0.259359 0.484377 0.181064 0.211030 0.330523
148 0.211455 0.232338 0.229486 0.227626 0.319246 0.255656 0.491534 0.186472 0.213714 0.332778
149 0.256525 0.173531 0.169639 0.279985 0.249233 0.155840 0.300983 0.307131 0.270417 0.149787
149 0.269388 0.169979 0.173101 0.283334 0.237929 0.159205 0.294355 0.304386 0.270888 0.151520
149 0.267295 0.162657 0.169435 0.293515 0.243966 0.145968 0.300648 0.299648 0.270788 0.155343
1410 0.287618 0.155047 0.118836 0.327076 0.243905 0.213162 0.304605 0.372295 0.321303 0.126359
1410 0.283656 0.158764 0.112846 0.331665 0.244586 0.209051 0.302198 0.375183 0.316414 0.122319
1410 0.283795 0.148172 0.116347 0.325169 0.244962 0.214250 0.310218 0.376530 0.325604 0.109133
156 0.211821 0.170915 0.085255 0.212727 0.286301 0.153757 0.287184 0.170278 0.276060 0.134628
156 0.207279 0.175377 0.080646 0.216683 0.283320 0.170721 0.293900 0.181411 0.269224 0.137957
156 0.204302 0.176370 0.073828 0.208073 0.282885 0.167998 0.285799 0.169966 0.280964 0.142914
157 0.235071 0.184524 0.128587 0.196517 0.273706 0.176954 0.425428 0.206141 0.238424 0.237384
157 0.234445 0.186086 0.128200 0.200836 0.265306 0.178329 0.421287 0.201201 0.238270 0.237199
157 0.224928 0.183221 0.133957 0.201859 0.271048 0.172277 0.408955 0.205151 0.245779 0.245891
158 0.216340 0.230552 0.228785 0.229665 0.304138 0.254594 0.491074 0.189326 0.213720 0.334267
158 0.217704 0.238274 0.233934 0.226122 0.318001 0.270077 0.492782 0.191154 0.216011 0.341693
158 0.220151 0.239322 0.227361 0.230039 0.314832 0.254872 0.497393 0.180118 0.220832 0.335008
159 0.262963 0.164997 0.168679 0.282786 0.241844 0.155924 0.296437 0.302585 0.261353 0.152380
159 0.275951 0.164656 0.190127 0.290002 0.235015 0.157748 0.303195 0.300521 0.276363 0.158401
159 0.264800 0.169140 0.167424 0.285041 0.249123 0.142668 0.307846 0.301768 0.267169 0.149606
1510 0.284838 0.150422 0.117103 0.327155 0.240872 0.219828 0.305830 0.381811 0.313655 0.121154
1510 0.289414 0.145620 0.127360 0.326874 0.246822 0.212534 0.310212 0.370975 0.318792 0.117802
1510 0.284366 0.164112 0.124741 0.339542 0.263721 0.203757 0.301061 0.373358 0.327068 0.120428
167 0.239873 0.458149 0.089662 0.262004 0.385380 0.367056 0.554269 0.160251 0.364215 0.461944
167 0.243509 0.465978 0.100007 0.254636 0.386604 0.377598 0.553218 0.156301 0.377682 0.461416
167 0.247267 0.451118 0.097605 0.271119 0.378685 0.357823 0.561223 0.144787 0.370920 0.450618
168 0.215831 0.307402 0.226124 0.343918 0.235689 0.186189 0.515134 0.187857 0.178066 0.336242
168 0.212663 0.309731 0.234971 0.343015 0.248249 0.188195 0.521630 0.173558 0.195538 0.343704
168 0.210286 0.299453 0.235622 0.343536 0.245848 0.179523 0.514519 0.183772 0.188899 0.337186
169 0.177645 0.218513 0.113790 0.275777 0.183130 0.262142 0.328847 0.314048 0.227796 0.145022
169 0.191861 0.218909 0.098560 0.272815 0.194663 0.269225 0.315244 0.320932 0.233921 0.150535
169 0.178180 0.223269 0.113583 0.277461 0.186513 0.278022 0.330073 0.317282 0.228617 0.143655
1610 0.204488 0.274633 0.104392 0.325656 0.232584 0.334218 0.241923 0.385138 0.242712 0.103845
1610 0.200456 0.266541 0.094236 0.328407 0.232386 0.332270 0.241666 0.389904 0.249125 0.111640
1610 0.205749 0.264456 0.101598 0.326747 0.236359 0.319128 0.241543 0.388735 0.242634 0.101758
178 0.191716 0.224049 0.094162 0.247607 0.310853 0.248139 0.280672 0.271194 0.224336 0.169704
178 0.185922 0.227457 0.090410 0.236053 0.303965 0.251812 0.287164 0.272427 0.225310 0.172139
178 0.185436 0.220279 0.105159 0.248821 0.305336 0.248298 0.281151 0.277640 0.227836 0.167242
179 0.245990 0.270308 0.263177 0.289742 0.218474 0.244301 0.535637 0.268685 0.209489 0.216768
179 0.233566 0.271790 0.267713 0.291469 0.211849 0.248643 0.531939 0.265775 0.195604 0.209490
179 0.247920 0.267450 0.260215 0.295079 0.227659 0.253656 0.524718 0.281777 0.194459 0.220288
1710 0.222974 0.362023 0.398762 0.374683 0.332048 0.377434 0.491714 0.267880 0.259913 0.188919
1710 0.221708 0.353926 0.397855 0.376790 0.327426 0.368460 0.490237 0.257821 0.257265 0.182386
1710 0.221376 0.357519 0.396348 0.375287 0.332013 0.369310 0.487533 0.267879 0.254363 0.180245
189 0.134099 0.411893 0.363144 0.372645 0.239761 0.390552 0.510528 0.300251 0.150024 0.245250
189 0.139787 0.412447 0.359521 0.362431 0.235337 0.391489 0.501063 0.293878 0.156827 0.237203
189 0.134815 0.419369 0.367399 0.376708 0.240658 0.394468 0.505210 0.300758 0.155788 0.245325
1810 0.281963 0.252085 0.369832 0.254875 0.317277 0.250396 0.452083 0.344485 0.294891 0.174100
1810 0.278170 0.250021 0.369950 0.247630 0.318023 0.241211 0.441395 0.334285 0.308608 0.166622
1810 0.289217 0.261332 0.377617 0.252227 0.319112 0.248461 0.456227 0.331675 0.298686 0.171765
1910 0.187322 0.234306 0.051400 0.246300 0.332694 0.255337 0.264663 0.191307 0.232703 0.144374
1910 0.176389 0.234373 0.052720 0.238992 0.326590 0.260146 0.260686 0.185396 0.229048 0.155330
1910 0.184844 0.231978 0.060933 0.247298 0.338283 0.255245 0.259738 0.184247 0.226058 0.149122
234 0.133101 0.262639 0.305863 0.254192 0.270070 0.241217 0.387575 0.227181 0.285412 0.226768
234 0.132045 0.251392 0.304547 0.264413 0.270659 0.233983 0.395778 0.219818 0.292919 0.223258
234 0.132440 0.255372 0.299731 0.271934 0.282244 0.247485 0.390040 0.232702 0.281317 0.222150
235 0.134946 0.258065 0.303828 0.269144 0.272012 0.243970 0.397464 0.225526 0.289179 0.220840
235 0.133966 0.248368 0.305534 0.269509 0.270054 0.230244 0.394479 0.228068 0.285559 0.225592
235 0.130144 0.259150 0.304098 0.263658 0.273854 0.235459 0.399959 0.223117 0.288044 0.226251
236 0.166423 0.220019 0.196811 0.259170 0.273685 0.135156 0.293313 0.257855 0.210454 0.210376
236 0.166580 0.219059 0.193173 0.242572 0.261540 0.139110 0.293805 0.247308 0.221110 0.201170
236 0.167964 0.224635 0.199248 0.245359 0.267092 0.145946 0.287332 0.256078 0.217012 0.207385
237 0.112464 0.311591 0.336079 0.187087 0.142531 0.291853 0.543976 0.165101 0.217616 0.502086
237 0.115853 0.309488 0.330746 0.187311 0.145010 0.292469 0.536835 0.164084 0.218710 0.507227
237 0.106798 0.311058 0.341099 0.183132 0.145972 0.286818 0.548146 0.173090 0.223781 0.518038
238 0.112784 0.236942 0.290794 0.193914 0.219039 0.150994 0.546686 0.173357 0.163852 0.490777
238 0.107997 0.234283 0.286787 0.188146 0.207009 0.158167 0.539457 0.187815 0.163254 0.491858
238 0.117456 0.244379 0.287291 0.185845 0.211551 0.150972 0.544838 0.169543 0.166917 0.495218
239 0.139321 0.245800 0.264316 0.185089 0.308244 0.196719 0.298536 0.340163 0.173641 0.198153
239 0.135071 0.240098 0.253703 0.177405 0.304469 0.186624 0.299363 0.344975 0.188517 0.195237
239 0.129543 0.250929 0.267642 0.188147 0.308284 0.187926 0.303410 0.334876 0.171120 0.202495
2310 0.151384 0.348170 0.291026 0.293155 0.355587 0.244632 0.262014 0.350007 0.097930 0.216550
2310 0.137844 0.338862 0.285782 0.283561 0.349219 0.258592 0.254838 0.358917 0.105038 0.204394
2310 0.145071 0.341120 0.291532 0.295281 0.352879 0.253257 0.258857 0.360890 0.103563 0.206987
245 0.213489 0.205073 0.064095 0.187798 0.332106 0.158598 0.281582 0.177607 0.323545 0.150258
245 0.220375 0.188025 0.068533 0.181497 0.325363 0.156658 0.259024 0.184379 0.315298 0.148148
245 0.210604 0.192505 0.062206 0.186378 0.328022 0.164537 0.271423 0.171851 0.314548 0.141519
246 0.185132 0.233627 0.125932 0.287398 0.260166 0.239863 0.252843 0.298594 0.300203 0.150615
246 0.182525 0.242961 0.123022 0.280723 0.261001 0.235154 0.265003 0.293109 0.302458 0.135929
246 0.180208 0.230524 0.123353 0.288352 0.252847 0.232143 0.265941 0.293625 0.295749 0.138005
247 0.240433 0.476986 0.098093 0.271672 0.392928 0.407520 0.512789 0.167079 0.411885 0.491839
247 0.232623 0.478786 0.093501 0.275867 0.400603 0.402881 0.514140 0.154728 0.423065 0.497682
247 0.244748 0.479757 0.089399 0.268040 0.400235 0.413998 0.515827 0.141176 0.424292 0.493113
248 0.174884 0.254371 0.216706 0.359982 0.273294 0.263266 0.511562 0.173060 0.191288 0.321866
248 0.182538 0.240164 0.204125 0.359547 0.274170 0.254182 0.512470 0.172971 0.196779 0.331025
248 0.178086 0.243956 0.196364 0.356597 0.285059 0.252476 0.518127 0.169025 0.195713 0.329583
249 0.202732 0.142379 0.163160 0.225413 0.228523 0.224775 0.244793 0.301214 0.265132 0.126924
249 0.198794 0.156989 0.142515 0.222557 0.225961 0.241998 0.247299 0.310764 0.279087 0.146573
249 0.202636 0.152787 0.160769 0.226449 0.237798 0.227680 0.247840 0.307147 0.272822 0.134341
2410 0.250734 0.297818 0.123410 0.317103 0.260290 0.352614 0.249637 0.376825 0.286199 0.111726
2410 0.249411 0.301467 0.123290 0.317013 0.257598 0.355682 0.257525 0.378160 0.288507 0.109940
2410 0.241551 0.298500 0.141349 0.317921 0.248686 0.348626 0.252243 0.372408 0.280341 0.112207
256 0.175306 0.227752 0.121602 0.281710 0.256848 0.231773 0.258425 0.303485 0.305651 0.141267
256 0.188947 0.228648 0.118604 0.275883 0.262940 0.235852 0.260579 0.306060 0.301273 0.131505
256 0.189972 0.233597 0.124809 0.280009 0.252006 0.235021 0.260179 0.302962 0.298176 0.128701
257 0.242611 0.481111 0.097439 0.263914 0.402063 0.419313 0.513807 0.145827 0.417181 0.490643
257 0.235250 0.480291 0.108703 0.275983 0.392651 0.406144 0.503111 0.161281 0.418363 0.490001
257 0.238596 0.479748 0.095425 0.268952 0.396372 0.400083 0.507473 0.163947 0.417233 0.496846
258 0.174880 0.244547 0.206192 0.362828 0.277226 0.251600 0.513066 0.177228 0.199755 0.328945
258 0.174996 0.245784 0.208695 0.366251 0.271008 0.257484 0.510337 0.173740 0.199454 0.322798
258 0.170782 0.250807 0.189262 0.361219 0.274733 0.254269 0.513576 0.170716 0.203829 0.328615
259 0.204503 0.147092 0.160899 0.222889 0.237843 0.232441 0.246092 0.310842 0.282074 0.134561
259 0.188653 0.147916 0.161036 0.228256 0.224889 0.232743 0.249373 0.303526 0.268923 0.136007
259 0.198284 0.157068 0.152967 0.226799 0.236189 0.224403 0.258249 0.308259 0.274373 0.131244
2510 0.251251 0.298714 0.127660 0.317159 0.256804 0.352446 0.253250 0.380702 0.289319 0.106824
2510 0.247709 0.291911 0.120690 0.324368 0.260221 0.346453 0.246560 0.373684 0.284694 0.101930
2510 0.247749 0.298684 0.127062 0.312158 0.256211 0.354030 0.255758 0.378675 0.292657 0.103030
267 0.219280 0.167199 0.123701 0.220881 0.286074 0.137955 0.409914 0.219631 0.286540 0.250392
267 0.211829 0.169106 0.138874 0.225528 0.278291 0.135851 0.414807 0.207323 0.285076 0.247715
267 0.214731 0.165632 0.140238 0.224754 0.291355 0.140078 0.413098 0.213213 0.297380 0.260406
268 0.196172 0.212060 0.197958 0.302231 0.330201 0.216534 0.491249 0.167804 0.245287 0.357445
268 0.195192 0.217618 0.199870 0.298953 0.334919 0.219986 0.483768 0.169774 0.248045 0.355058
268 0.202711 0.216194 0.202889 0.308434 0.334468 0.219544 0.494213 0.169634 0.252104 0.348156
269 0.262977 0.160534 0.151622 0.312084 0.293685 0.142907 0.312338 0.282020 0.306092 0.133577
269 0.266108 0.152477 0.151175 0.308850 0.293768 0.147924 0.306511 0.290825 0.315002 0.139987
269 0.263797 0.163067 0.148401 0.319808 0.294238 0.142987 0.313206 0.278580 0.310681 0.145944
2610 0.221161 0.134845 0.136422 0.311948 0.238551 0.210666 0.290167 0.355661 0.324746 0.091149
2610 0.226765 0.143564 0.153855 0.312624 0.244936 0.225028 0.269453 0.364143 0.336535 0.086533
2610 0.210555 0.146854 0.136940 0.319586 0.250079 0.210471 0.275391 0.363397 0.345174 0.088278
278 0.173557 0.219992 0.029204 0.351194 0.336237 0.307218 0.287427 0.280249 0.321245 0.154279
278 0.186913 0.219468 0.024860 0.360712 0.340801 0.309493 0.275069 0.280885 0.338531 0.158403
278 0.173323 0.228650 0.027658 0.351067 0.340706 0.316159 0.282723 0.275838 0.327191 0.144472
279 0.286358 0.184895 0.215337 0.353935 0.212734 0.175195 0.556110 0.312259 0.248481 0.260427
279 0.284315 0.190077 0.219567 0.354963 0.221197 0.176624 0.552063 0.313801 0.251373 0.262157
279 0.276303 0.170996 0.206577 0.367074 0.226171 0.170275 0.560720 0.319765 0.243967 0.278250
2710 0.297263 0.227674 0.383192 0.330358 0.252787 0.226844 0.560640 0.274360 0.288949 0.228460
2710 0.293733 0.227955 0.383268 0.329391 0.247992 0.226329 0.558493 0.273022 0.286327 0.237532
2710 0.298348 0.224980 0.377642 0.327232 0.248317 0.216415 0.555760 0.273136 0.290492 0.233182
289 0.248802 0.208563 0.241835 0.216150 0.158164 0.240458 0.592722 0.312379 0.175889 0.296336
289 0.251150 0.190772 0.234350 0.224449 0.165584 0.234666 0.594705 0.310158 0.182607 0.290684
289 0.240130 0.190865 0.245152 0.226473 0.169378 0.231293 0.596355 0.318426 0.181049 0.287943
2810 0.311275 0.188235 0.252877 0.334709 0.230890 0.177497 0.585105 0.336055 0.291067 0.282010
2810 0.321452 0.180631 0.233896 0.342091 0.234546 0.168875 0.591471 0.334907 0.285717 0.290531
2810 0.321478 0.194115 0.249917 0.341157 0.240084 0.180868 0.595853 0.328850 0.289473 0.281370
2910 0.176758 0.236536 0.031881 0.376468 0.342056 0.322491 0.264475 0.217233 0.359144 0.152888
2910 0.177298 0.218825 0.034170 0.370597 0.335931 0.319643 0.255139 0.215594 0.357516 0.156028
2910 0.179385 0.227037 0.033380 0.373803 0.356283 0.329448 0.258054 0.229987 0.357438 0.149022
345 0.170974 0.235752 0.265656 0.243786 0.241715 0.237553 0.297041 0.258469 0.084583 0.195396
345 0.175398 0.241027 0.271525 0.234189 0.233082 0.242893 0.303605 0.254388 0.077503 0.197543
345 0.163736 0.236757 0.256707 0.241293 0.228202 0.234654 0.304425 0.248007 0.085427 0.195431
346 0.158084 0.097301 0.296972 0.198803 0.178476 0.175399 0.314500 0.291090 0.277721 0.199200
346 0.148481 0.100956 0.309930 0.194144 0.180168 0.170628 0.308756 0.274691 0.284578 0.208691
346 0.156751 0.099607 0.302060 0.188230 0.175126 0.154920 0.310426 0.281478 0.270498 0.204561
347 0.094147 0.171001 0.380153 0.199985 0.121515 0.243434 0.543069 0.158698 0.327711 0.526638
347 0.090094 0.176141 0.369890 0.192525 0.120081 0.246256 0.546278 0.159574 0.330403 0.519445
347 0.084656 0.172123 0.373910 0.204163 0.117355 0.242985 0.540464 0.158537 0.327269 0.515909
348 0.147113 0.217842 0.284463 0.256063 0.196521 0.237192 0.572982 0.160474 0.173761 0.503153
348 0.147758 0.223310 0.277320 0.250865 0.193769 0.232778 0.585925 0.175507 0.171072 0.505859
348 0.141500 0.216809 0.289285 0.251626 0.195124 0.231434 0.578956 0.174547 0.179056 0.499484
349 0.147742 0.092898 0.249367 0.101565 0.153772 0.185392 0.263028 0.352566 0.268651 0.261944
349 0.139638 0.104366 0.249340 0.113241 0.139132 0.186369 0.270455 0.351839 0.272685 0.257408
349 0.139875 0.095951 0.256188 0.108693 0.140138 0.185821 0.261393 0.349586 0.260477 0.266506
3410 0.113158 0.222117 0.198426 0.228548 0.175114 0.240644 0.291451 0.439328 0.059892 0.221074
3410 0.110160 0.214194 0.194532 0.222527 0.180330 0.237389 0.289070 0.418986 0.056315 0.213834
3410 0.113088 0.219671 0.208705 0.222788 0.177846 0.246956 0.291690 0.432163 0.070678 0.219284
356 0.147893 0.091848 0.306848 0.200810 0.177647 0.168320 0.314374 0.280695 0.278077 0.202659
356 0.143080 0.095561 0.300354 0.202975 0.178372 0.158940 0.317618 0.278396 0.278577 0.205453
356 0.145800 0.093308 0.299630 0.198384 0.180302 0.163766 0.312941 0.280861 0.282573 0.208368
357 0.086268 0.164636 0.382251 0.196727 0.124425 0.238820 0.549715 0.170302 0.330995 0.521269
357 0.088168 0.157050 0.377470 0.197903 0.128713 0.238790 0.547270 0.147970 0.329603 0.524969
357 0.087886 0.172605 0.375682 0.198034 0.120369 0.243057 0.544747 0.156349 0.328915 0.519548
358 0.146761 0.218319 0.279415 0.261972 0.203590 0.225705 0.580026 0.168448 0.165356 0.495608
358 0.143670 0.218511 0.281745 0.259735 0.188726 0.228292 0.580568 0.166302 0.164920 0.488372
358 0.144082 0.221750 0.277059 0.257634 0.201318 0.228496 0.579832 0.162793 0.166444 0.486252
359 0.148748 0.107712 0.247613 0.104916 0.146781 0.184953 0.267353 0.343909 0.265489 0.254150
359 0.146345 0.092722 0.255834 0.107846 0.140788 0.187889 0.263589 0.352771 0.273983 0.256043
359 0.147312 0.100661 0.253147 0.095206 0.147673 0.175890 0.254667 0.350709 0.257670 0.252610
3510 0.103665 0.215094 0.197146 0.221705 0.170402 0.245626 0.293633 0.434388 0.066672 0.211831
3510 0.120359 0.212269 0.205445 0.215724 0.183716 0.226274 0.283579 0.426702 0.069475 0.211268
3510 0.107328 0.220407 0.195261 0.222492 0.168933 0.252625 0.298256 0.431258 0.052038 0.221583
367 0.128945 0.312737 0.246707 0.270345 0.126184 0.262879 0.589320 0.166370 0.114840 0.548718
367 0.137887 0.313270 0.251839 0.275205 0.113272 0.261157 0.587506 0.160721 0.113566 0.547953
367 0.130703 0.307398 0.264682 0.261342 0.134455 0.255468 0.596693 0.161237 0.126025 0.556378
368 0.146101 0.228710 0.273720 0.212846 0.154516 0.198275 0.572826 0.146747 0.112492 0.512172
368 0.151252 0.229063 0.287657 0.206618 0.154768 0.196907 0.583776 0.156653 0.113148 0.513817
368 0.146369 0.238682 0.274377 0.218205 0.162366 0.202591 0.576309 0.149007 0.114321 0.513671
369 0.180715 0.184717 0.361367 0.277717 0.283763 0.184551 0.261855 0.321884 0.092628 0.228837
369 0.188264 0.186500 0.360439 0.280621 0.283978 0.202023 0.268764 0.320651 0.099377 0.235838
369 0.177940 0.194927 0.358702 0.282255 0.284347 0.198843 0.265372 0.322868 0.092759 0.233386
3610 0.142392 0.273675 0.240213 0.169582 0.125833 0.206910 0.272550 0.280974 0.111727 0.229528
3610 0.142188 0.275964 0.260451 0.168743 0.134414 0.202321 0.268973 0.272270 0.105879 0.236373
3610 0.144323 0.278136 0.247403 0.173372 0.129614 0.203291 0.260107 0.284344 0.110742 0.233054
378 0.105705 0.218553 0.206699 0.226178 0.103726 0.209983 0.255949 0.260601 0.103503 0.245926
378 0.108797 0.218680 0.206897 0.221058 0.103463 0.210165 0.258092 0.258891 0.099176 0.235842
378 0.110497 0.222585 0.213339 0.208137 0.112040 0.204930 0.253360 0.270008 0.104297 0.245317
379 0.268612 0.208773 0.396777 0.302849 0.337842 0.185755 0.588729 0.196442 0.080346 0.546804
379 0.257861 0.206968 0.385557 0.303627 0.338331 0.177881 0.579305 0.201555 0.071883 0.534114
379 0.262785 0.202610 0.394098 0.299278 0.339866 0.190010 0.583676 0.200453 0.082336 0.546441
3710 0.204333 0.341866 0.375728 0.273308 0.163709 0.304227 0.587622 0.188795 0.136869 0.521859
3710 0.206725 0.338908 0.387909 0.265695 0.170085 0.306564 0.580340 0.188813 0.134303 0.525235
3710 0.206474 0.326630 0.372759 0.268184 0.168416 0.303729 0.583689 0.191677 0.123610 0.523093
389 0.196978 0.328961 0.406089 0.235193 0.136553 0.309351 0.596302 0.211883 0.094005 0.552706
389 0.204312 0.331634 0.406584 0.236357 0.142157 0.316057 0.603771 0.202609 0.091911 0.555484
389 0.196386 0.336938 0.405992 0.224929 0.127380 0.320032 0.589532 0.193675 0.105872 0.534816
3810 0.267876 0.199121 0.400629 0.290693 0.348634 0.181000 0.621226 0.193841 0.110226 0.573626
3810 0.264902 0.202561 0.408954 0.289944 0.345143 0.176162 0.617875 0.195656 0.115337 0.573053
3810 0.271863 0.196431 0.415175 0.293001 0.343675 0.179417 0.621512 0.205094 0.110878 0.574927
3910 0.107027 0.243785 0.219403 0.217428 0.085283 0.236907 0.302383 0.278117 0.148154 0.235848
3910 0.115437 0.241834 0.225525 0.214255 0.079673 0.232861 0.301739 0.278289 0.142596 0.230354
3910 0.111256 0.236145 0.219070 0.221043 0.092165 0.227604 0.298275 0.275165 0.141850 0.241068
456 0.159591 0.126495 0.056146 0.217594 0.146354 0.179698 0.291067 0.186656 0.274638 0.145114
456 0.152462 0.114552 0.044397 0.221384 0.148800 0.165621 0.306142 0.188997 0.283946 0.141137
456 0.158735 0.111063 0.047736 0.209239 0.143448 0.157902 0.299006 0.191838 0.287953 0.154833
457 0.210353 0.161546 0.124319 0.354573 0.356949 0.240584 0.444115 0.210177 0.284201 0.252023
457 0.209257 0.160051 0.110546 0.343942 0.349684 0.233037 0.446377 0.203654 0.284903 0.253049
457 0.198863 0.165161 0.121044 0.349301 0.352062 0.235420 0.437424 0.197805 0.287767 0.245882
458 0.159074 0.251743 0.068454 0.255508 0.264985 0.223005 0.452948 0.214121 0.216681 0.325888
458 0.164120 0.256727 0.062034 0.245301 0.263695 0.216074 0.448993 0.210544 0.217090 0.335065
458 0.157731 0.254805 0.077716 0.238277 0.256363 0.218006 0.440696 0.214053 0.220440 0.327026
459 0.145906 0.167222 0.079264 0.228925 0.229303 0.200946 0.319034 0.230471 0.280840 0.128901
459 0.149299 0.159527 0.084644 0.224968 0.235346 0.201220 0.313743 0.241174 0.278530 0.128186
459 0.152934 0.157033 0.076665 0.226769 0.219665 0.194303 0.313896 0.241936 0.277810 0.135721
4510 0.203241 0.227461 0.169747 0.276842 0.231406 0.371616 0.317204 0.437565 0.271593 0.131397
4510 0.197152 0.225874 0.172143 0.276433 0.230322 0.365195 0.321406 0.438781 0.272291 0.130302
4510 0.190656 0.228757 0.177258 0.277061 0.236589 0.367665 0.323012 0.434441 0.276175 0.125032
467 0.178565 0.152913 0.089028 0.196303 0.182854 0.124589 0.480559 0.175033 0.186473 0.390657
467 0.175286 0.149607 0.082453 0.188194 0.188031 0.123314 0.469968 0.180509 0.173813 0.389236
467 0.177174 0.150527 0.077394 0.191695 0.179119 0.129087 0.471325 0.179044 0.169010 0.385495
468 0.274605 0.194293 0.058241 0.226469 0.372725 0.125302 0.590021 0.182455 0.184176 0.438826
468 0.281472 0.200801 0.048598 0.223333 0.381874 0.122109 0.596265 0.186397 0.188488 0.447928
468 0.286889 0.192419 0.054645 0.220207 0.372593 0.117888 0.594899 0.184543 0.182006 0.442381
469 0.153623 0.119790 0.107370 0.168638 0.207130 0.115360 0.263675 0.338491 0.128913 0.130984
469 0.163555 0.119709 0.113095 0.177734 0.214291 0.099301 0.264335 0.328819 0.128560 0.133368
469 0.158837 0.128468 0.119626 0.180398 0.212990 0.115916 0.258554 0.337541 0.136817 0.135735
4610 0.237699 0.197266 0.056677 0.232671 0.202040 0.146313 0.237380 0.204775 0.125682 0.100781
4610 0.233930 0.197710 0.067077 0.228684 0.205036 0.136819 0.233457 0.207053 0.125622 0.102537
4610 0.247840 0.195814 0.061378 0.236772 0.206183 0.136906 0.228648 0.217595 0.121522 0.107773
478 0.232761 0.205575 0.043260 0.232622 0.282176 0.180526 0.279483 0.334389 0.151628 0.145126
478 0.248429 0.213492 0.053045 0.247593 0.286060 0.191741 0.285266 0.342507 0.154927 0.142657
478 0.243348 0.212781 0.056882 0.237532 0.285804 0.180579 0.273044 0.338316 0.152782 0.152249
479 0.298316 0.086042 0.143086 0.176000 0.326807 0.091138 0.621630 0.287103 0.081007 0.379858
479 0.297362 0.082055 0.159542 0.164667 0.318662 0.093047 0.615303 0.282073 0.067901 0.387003
479 0.298285 0.092799 0.162777 0.174241 0.316813 0.094934 0.617065 0.283240 0.055812 0.387614
4710 0.339370 0.140104 0.176691 0.227650 0.312053 0.128457 0.510340 0.279292 0.126297 0.265969
4710 0.342825 0.142854 0.156377 0.222766 0.315679 0.119992 0.512714 0.285388 0.123181 0.272707
4710 0.340046 0.137913 0.168978 0.232655 0.316911 0.119460 0.506162 0.287973 0.130230 0.264960
489 0.303656 0.133209 0.162393 0.241664 0.313996 0.089325 0.517559 0.318810 0.112041 0.381998
489 0.297569 0.147814 0.170410 0.244331 0.311386 0.091844 0.514781 0.319688 0.124252 0.388581
489 0.307955 0.143076 0.170328 0.246332 0.322241 0.081916 0.516928 0.322782 0.115963 0.384233
4810 0.388358 0.102786 0.146409 0.188293 0.332771 0.080206 0.545105 0.297384 0.099757 0.307879
4810 0.393246 0.099033 0.147722 0.189583 0.335715 0.073491 0.538418 0.303621 0.099425 0.312806
4810 0.391086 0.094447 0.157083 0.182159 0.332231 0.088542 0.543176 0.302353 0.101782 0.312517
4910 0.233943 0.211222 0.047433 0.248694 0.281557 0.181384 0.290773 0.298019 0.168109 0.121632
4910 0.233329 0.215029 0.059103 0.246092 0.287737 0.189966 0.279309 0.303203 0.170856 0.120972
4910 0.236482 0.206524 0.053710 0.248511 0.277504 0.184763 0.282558 0.304492 0.164961 0.115339
567 0.192006 0.163273 0.083849 0.194171 0.186324 0.130011 0.480472 0.183170 0.180429 0.382923
567 0.180587 0.152856 0.084048 0.186784 0.186341 0.122677 0.474867 0.177894 0.173801 0.392448
567 0.174374 0.157698 0.087805 0.189842 0.181629 0.139631 0.478474 0.191774 0.161339 0.386576
568 0.282211 0.187740 0.042658 0.215975 0.370634 0.119858 0.588283 0.184931 0.181589 0.437612
568 0.269199 0.190887 0.061979 0.214229 0.362693 0.126563 0.592774 0.184760 0.180596 0.438157
568 0.284774 0.198838 0.049891 0.223270 0.379124 0.124621 0.603611 0.182857 0.188308 0.441462
569 0.156859 0.126051 0.105658 0.185334 0.210798 0.105618 0.260921 0.336083 0.132447 0.142879
569 0.174120 0.112350 0.114592 0.182226 0.220395 0.105945 0.262177 0.330334 0.125577 0.130413
569 0.157232 0.120473 0.103711 0.176804 0.215955 0.111257 0.261725 0.333268 0.131067 0.141541
5610 0.251543 0.191623 0.059798 0.234871 0.215724 0.137671 0.228303 0.224383 0.120799 0.117834
5610 0.246859 0.195252 0.061431 0.238285 0.213594 0.137276 0.230481 0.204986 0.117594 0.105274
5610 0.241028 0.193427 0.053486 0.223719 0.200889 0.145995 0.239425 0.220832 0.131802 0.111444
578 0.241649 0.214024 0.049855 0.237422 0.282234 0.176359 0.287833 0.330480 0.146205 0.147801
578 0.238631 0.212028 0.053342 0.249058 0.282514 0.194021 0.291267 0.341154 0.148111 0.148899
578 0.230682 0.215915 0.052600 0.239278 0.284802 0.178024 0.283273 0.333705 0.151698 0.146675
579 0.292156 0.088857 0.158758 0.172824 0.320637 0.090040 0.616906 0.288195 0.065795 0.379568
579 0.295308 0.086340 0.154674 0.179756 0.315429 0.092897 0.613382 0.283954 0.062166 0.376575
579 0.297622 0.080980 0.145700 0.174121 0.325096 0.088625 0.610130 0.278727 0.062283 0.379508
5710 0.339717 0.142057 0.176770 0.223753 0.312018 0.120497 0.510746 0.283668 0.123466 0.265975
5710 0.333298 0.145600 0.167176 0.219658 0.307516 0.119579 0.508460 0.267668 0.120165 0.256530
5710 0.340968 0.133511 0.165299 0.217631 0.317325 0.125712 0.509697 0.272295 0.125528 0.255864
589 0.288077 0.142213 0.179007 0.245115 0.317953 0.086405 0.522967 0.316944 0.108367 0.384976
589 0.304506 0.138395 0.163614 0.248756 0.318382 0.081840 0.523121 0.311379 0.113305 0.379159
589 0.300123 0.137720 0.168810 0.245738 0.313692 0.095651 0.517469 0.320681 0.115362 0.392407
5810 0.391038 0.087303 0.156281 0.190224 0.337022 0.080758 0.543252 0.289690 0.112480 0.305394
5810 0.395706 0.099177 0.144704 0.185055 0.336631 0.078600 0.542842 0.299970 0.104168 0.312163
5810 0.391694 0.111073 0.148232 0.194343 0.336265 0.085394 0.543499 0.296540 0.102220 0.309100
5910 0.240643 0.206887 0.074084 0.247580 0.290449 0.186340 0.286200 0.311330 0.167624 0.130406
5910 0.233041 0.206430 0.059371 0.246587 0.287089 0.188338 0.281248 0.291410 0.167817 0.130167
5910 0.234978 0.210309 0.054789 0.243500 0.293328 0.185717 0.292834 0.303846 0.177233 0.131598
678 0.252739 0.253382 0.099152 0.257256 0.220568 0.312117 0.257501 0.186580 0.259639 0.131767
678 0.246837 0.259616 0.107844 0.248552 0.213989 0.309922 0.262410 0.189894 0.259823 0.144347
678 0.244838 0.259824 0.097195 0.258380 0.213637 0.307629 0.259353 0.181452 0.246511 0.125454
679 0.223673 0.088273 0.158704 0.295198 0.245385 0.204521 0.603454 0.299761 0.209834 0.287138
679 0.220739 0.088378 0.151226 0.300835 0.245375 0.206926 0.603533 0.297305 0.213030 0.285740
679 0.224057 0.087981 0.144588 0.299962 0.249285 0.207614 0.603193 0.290737 0.207142 0.284060
6710 0.269832 0.154620 0.240530 0.453162 0.229252 0.341944 0.566864 0.315121 0.274149 0.238727
6710 0.271375 0.157653 0.237880 0.463607 0.236567 0.344314 0.572228 0.296912 0.268157 0.236713
6710 0.275891 0.153774 0.232488 0.453001 0.230088 0.338729 0.570062 0.299223 0.262921 0.232005
689 0.248212 0.155101 0.205791 0.412352 0.252213 0.303768 0.578709 0.355079 0.258357 0.265111
689 0.247119 0.143207 0.206018 0.414873 0.251239 0.311296 0.576684 0.351034 0.254918 0.263362
689 0.244821 0.159454 0.216997 0.416905 0.249244 0.312695 0.572026 0.356482 0.261901 0.261285
6810 0.265667 0.096065 0.190779 0.352217 0.208996 0.227101 0.563681 0.332482 0.185617 0.282303
6810 0.267713 0.085730 0.203755 0.340917 0.206543 0.224418 0.562472 0.335843 0.195763 0.287231
6810 0.269924 0.089890 0.195584 0.340061 0.210766 0.218208 0.572938 0.330514 0.176332 0.287989
6910 0.223548 0.238108 0.124347 0.245291 0.211592 0.303014 0.281968 0.164970 0.268563 0.129575
6910 0.206800 0.235184 0.130871 0.244746 0.205852 0.299706 0.284966 0.151189 0.264232 0.128441
6910 0.205544 0.240596 0.132424 0.241970 0.210171 0.301574 0.278155 0.159006 0.267292 0.128694
789 0.237168 0.230464 0.124188 0.255142 0.242635 0.334364 0.344443 0.454047 0.277848 0.167274
789 0.243069 0.238640 0.123326 0.244743 0.234962 0.327197 0.338144 0.460048 0.276550 0.161217
789 0.238609 0.239112 0.130661 0.246050 0.241166 0.331998 0.336736 0.459368 0.279168 0.167173
7810 0.219545 0.151482 0.124542 0.248992 0.232875 0.211169 0.288478 0.260933 0.298065 0.156257
7810 0.219723 0.152921 0.129326 0.246759 0.225213 0.219162 0.293983 0.250172 0.301775 0.147088
7810 0.212576 0.150715 0.134805 0.247585 0.229642 0.215403 0.291983 0.262497 0.287823 0.152170
7910 0.164207 0.225293 0.122388 0.271813 0.256179 0.217387 0.428725 0.184769 0.231588 0.387472
7910 0.163338 0.229192 0.127533 0.266635 0.253167 0.212490 0.431231 0.183034 0.224839 0.387644
7910 0.169609 0.227312 0.122200 0.272726 0.256683 0.223317 0.420104 0.181747 0.222215 0.385666
8910 0.228207 0.167852 0.158793 0.360242 0.331846 0.248532 0.501289 0.251575 0.368130 0.235108
8910 0.232756 0.163577 0.151475 0.356008 0.333992 0.247728 0.497790 0.247284 0.364093 0.237759
8910 0.228866 0.171701 0.149877 0.355736 0.330038 0.237937 0.490584 0.248802 0.365438 0.229059
