cur_topo missing1 missing2 missing3 missing4 missing5 missing6 missing7 missing8 missing9
12 0.204426 0.079382 0.056284 0.041535 0.240565 0.310819 0.214072 0.131636 0.088788
12 0.199882 0.094424 0.040081 0.044023 0.236192 0.300204 0.209116 0.119926 0.093300
12 0.196827 0.103444 0.045041 0.036925 0.234026 0.306402 0.205352 0.130438 0.098540
13 0.070410 0.209187 0.310841 0.200292 0.145395 0.399607 0.269125 0.099643 0.170376
13 0.068160 0.198500 0.314015 0.203914 0.153272 0.402734 0.268736 0.099988 0.191657
13 0.058075 0.217471 0.314881 0.190479 0.150271 0.409934 0.271894 0.095481 0.164181
14 0.250432 0.143028 0.031736 0.161025 0.299209 0.268642 0.197365 0.034795 0.082425
14 0.249717 0.145728 0.031860 0.161369 0.304760 0.277957 0.209524 0.045101 0.083171
14 0.245133 0.152577 0.032789 0.164342 0.310178 0.280070 0.207032 0.029174 0.095391
15 0.251059 0.146723 0.035580 0.163640 0.297477 0.272158 0.202693 0.043667 0.081570
15 0.249725 0.149905 0.031641 0.160221 0.309153 0.274572 0.203426 0.046224 0.075194
15 0.241052 0.154467 0.041119 0.168186 0.302184 0.277491 0.201439 0.040494 0.084254
16 0.283066 0.384936 0.466848 0.478760 0.333847 0.269678 0.370808 0.267872 0.333599
16 0.283221 0.389802 0.464577 0.477806 0.341684 0.270963 0.374046 0.259523 0.326637
16 0.288931 0.375568 0.471799 0.475929 0.342045 0.267703 0.368424 0.257396 0.338377
17 0.141487 0.209929 0.277469 0.197401 0.222679 0.138963 0.092097 0.078249 0.258640
17 0.133064 0.208103 0.278079 0.190942 0.224483 0.139557 0.095506 0.087431 0.260513
17 0.142086 0.205091 0.267640 0.198360 0.233671 0.156173 0.086168 0.081813 0.258702
18 0.207581 0.330562 0.018794 0.356776 0.417402 0.014430 0.328449 0.354216 0.388395
18 0.211873 0.322066 0.021840 0.345171 0.433043 0.010295 0.332039 0.361771 0.402485
18 0.212280 0.325969 0.016517 0.355046 0.429167 0.014100 0.325144 0.363681 0.392698
19 0.277044 0.511254 0.015433 0.136812 0.463433 0.451489 0.517570 0.087867 0.511702
19 0.285401 0.511103 0.011979 0.136047 0.459784 0.458083 0.517873 0.087306 0.509994
19 0.289762 0.525074 0.013694 0.136731 0.468911 0.458830 0.518724 0.088713 0.516130
23 0.085290 0.291954 0.296664 0.181745 0.165681 0.452671 0.189321 0.019298 0.305374
23 0.088249 0.301737 0.299181 0.176714 0.163377 0.454217 0.182783 0.006759 0.309727
23 0.084159 0.300898 0.300733 0.179638 0.172769 0.458263 0.182612 0.006511 0.307427
24 0.300848 0.508594 0.015720 0.138488 0.530693 0.531757 0.517269 0.142122 0.514774
24 0.294893 0.513219 0.005318 0.142009 0.527567 0.538087 0.517771 0.136959 0.508856
24 0.294847 0.516150 0.016351 0.140193 0.530960 0.533587 0.521337 0.138926 0.518760
25 0.297934 0.521095 0.013438 0.137862 0.534622 0.537172 0.524069 0.140828 0.514576
25 0.288711 0.509284 0.007036 0.139432 0.524636 0.528098 0.513486 0.139926 0.509525
25 0.302237 0.516461 0.009323 0.140035 0.535889 0.543758 0.528163 0.134405 0.518882
26 0.141156 0.369689 0.571549 0.311268 0.370654 0.144247 0.231004 0.146393 0.326411
26 0.141185 0.370702 0.564916 0.319745 0.369973 0.142007 0.228948 0.156126 0.324011
26 0.135158 0.361520 0.563502 0.312289 0.375041 0.145363 0.223814 0.154890 0.333239
27 0.277782 0.482652 0.188442 0.131587 0.316244 0.179712 0.274981 0.146544 0.442343
27 0.282804 0.491355 0.192898 0.137350 0.318538 0.192210 0.272600 0.149609 0.444965
27 0.276144 0.487800 0.198153 0.132127 0.324070 0.183698 0.269848 0.150559 0.444058
28 0.207086 0.311753 0.010795 0.463066 0.333603 0.011616 0.453235 0.324462 0.466624
28 0.210048 0.305565 0.014466 0.459491 0.330996 0.010461 0.458213 0.330597 0.466972
28 0.206082 0.312681 0.008040 0.464944 0.332961 0.016096 0.460066 0.322105 0.456623
29 0.198704 0.155300 0.037756 0.204277 0.358996 0.276243 0.236934 0.044297 0.076863
29 0.192587 0.158459 0.032400 0.207823 0.358931 0.266390 0.236598 0.054969 0.072197
29 0.191117 0.164047 0.037136 0.197675 0.359974 0.273389 0.235333 0.045041 0.081974
34 0.116163 0.112493 0.420807 0.118719 0.097692 0.512149 0.428674 0.015435 0.274358
34 0.127006 0.107571 0.417018 0.113716 0.096628 0.512874 0.426336 0.010344 0.275197
34 0.120123 0.119227 0.417747 0.111983 0.094296 0.504854 0.424267 0.008271 0.285077
35 0.120448 0.101983 0.419208 0.127357 0.097632 0.515618 0.438943 0.021392 0.292650
35 0.123004 0.116530 0.419064 0.114478 0.092757 0.503674 0.424874 0.011130 0.281813
35 0.118802 0.116911 0.412178 0.115401 0.102487 0.508093 0.416507 0.017618 0.272133
36 0.013375 0.350020 0.361401 0.260660 0.186646 0.461329 0.113120 0.185416 0.300176
36 0.015375 0.356294 0.366922 0.255565 0.195826 0.461499 0.115767 0.179302 0.298653
36 0.013535 0.351621 0.375529 0.255441 0.185303 0.459689 0.107452 0.179066 0.293230
37 0.268527 0.176067 0.474378 0.313919 0.413775 0.504325 0.175336 0.141012 0.171015
37 0.265646 0.180216 0.470104 0.316062 0.410971 0.506417 0.178782 0.138226 0.169156
37 0.265207 0.164858 0.479594 0.316994 0.414333 0.505039 0.177110 0.138229 0.184177
38 0.127058 0.304864 0.271813 0.012788 0.092726 0.008388 0.208995 0.431027 0.299543
38 0.112381 0.295206 0.266653 0.010823 0.094131 0.010655 0.197762 0.433093 0.303595
38 0.128229 0.301064 0.271130 0.013185 0.094194 0.011169 0.197198 0.436236 0.302870
39 0.140611 0.304219 0.271533 0.202221 0.081486 0.497449 0.129229 0.011540 0.217541
39 0.128414 0.298726 0.273656 0.206903 0.092545 0.494006 0.129635 0.010509 0.213699
39 0.126335 0.301153 0.280277 0.204943 0.095951 0.490262 0.128582 0.013269 0.217318
45 0.232764 0.124117 0.052760 0.361873 0.377186 0.306976 0.251310 0.150122 0.269028
45 0.242271 0.116571 0.043244 0.346994 0.374607 0.313192 0.251724 0.137441 0.262354
45 0.237409 0.134063 0.060821 0.356652 0.376585 0.304093 0.248998 0.148839 0.265413
46 0.277327 0.134143 0.200268 0.195753 0.143122 0.124809 0.126994 0.037850 0.107407
46 0.267596 0.137498 0.208362 0.214410 0.129888 0.116494 0.137482 0.044391 0.105715
46 0.267199 0.130856 0.212715 0.199858 0.125295 0.120618 0.129857 0.040838 0.113688
47 0.299747 0.097552 0.156490 0.126119 0.334250 0.296444 0.043793 0.006721 0.122633
47 0.314385 0.084425 0.157080 0.121041 0.337321 0.299285 0.034661 0.011042 0.112460
47 0.318323 0.089311 0.158242 0.124023 0.334536 0.289663 0.028691 0.010033 0.117403
48 0.269985 0.286655 0.129766 0.301762 0.281384 0.009959 0.203368 0.451393 0.209456
48 0.280599 0.288803 0.141923 0.312070 0.287044 0.014406 0.204203 0.441441 0.198007
48 0.279239 0.283614 0.130410 0.309445 0.289443 0.011488 0.213454 0.455968 0.197869
49 0.184480 0.107870 0.034799 0.060057 0.202501 0.317252 0.180702 0.041352 0.109466
49 0.167025 0.108463 0.044724 0.050183 0.192474 0.313781 0.179609 0.038633 0.111666
49 0.191044 0.104975 0.038007 0.060918 0.201671 0.319416 0.183326 0.051555 0.108084
56 0.270055 0.125275 0.210873 0.203821 0.131560 0.121826 0.142080 0.035858 0.108691
56 0.275554 0.129520 0.208839 0.202831 0.135191 0.115089 0.138523 0.044574 0.111069
56 0.271208 0.125974 0.197826 0.198811 0.131005 0.119437 0.130356 0.046785 0.106797
57 0.315450 0.086178 0.165666 0.116877 0.347819 0.300918 0.026071 0.006017 0.111428
57 0.293737 0.091609 0.163726 0.112962 0.330474 0.294598 0.026485 0.013570 0.118120
57 0.305209 0.100693 0.154457 0.117202 0.324334 0.286026 0.040472 0.010076 0.118498
58 0.271427 0.285476 0.133137 0.306964 0.277021 0.016834 0.207552 0.439158 0.195552
58 0.275611 0.293201 0.130258 0.305253 0.284683 0.014950 0.204732 0.446350 0.197917
58 0.280068 0.289924 0.131075 0.313835 0.289351 0.013107 0.208674 0.447692 0.201249
59 0.188280 0.107249 0.044019 0.049251 0.194876 0.309665 0.177501 0.044334 0.109292
59 0.178397 0.112237 0.041017 0.055911 0.192758 0.320608 0.182807 0.037962 0.111124
59 0.175853 0.107629 0.035446 0.050271 0.193830 0.315080 0.189771 0.031581 0.109178
67 0.210777 0.210931 0.106513 0.223179 0.184963 0.409099 0.153339 0.096805 0.184797
67 0.208484 0.208767 0.117638 0.231460 0.185254 0.399483 0.148294 0.080827 0.192075
67 0.220923 0.211409 0.120527 0.230696 0.190502 0.400626 0.156014 0.086121 0.192932
68 0.136078 0.193004 0.018959 0.164423 0.181579 0.009781 0.369966 0.456262 0.220488
68 0.133873 0.193918 0.008099 0.163811 0.200149 0.007831 0.371493 0.460609 0.228631
68 0.146945 0.187308 0.012729 0.151801 0.191706 0.008132 0.365503 0.457820 0.224625
69 0.268034 0.486853 0.384819 0.379075 0.278571 0.260774 0.303676 0.135003 0.468403
69 0.258715 0.482078 0.385970 0.385077 0.275501 0.270185 0.308783 0.140048 0.475872
69 0.258572 0.488105 0.389014 0.375836 0.266920 0.263318 0.302785 0.130036 0.475652
78 0.309933 0.301808 0.151388 0.214489 0.215577 0.013449 0.339638 0.685021 0.396740
78 0.302529 0.300728 0.154168 0.215948 0.211872 0.004686 0.335680 0.681259 0.401032
78 0.305947 0.299625 0.153751 0.222382 0.205669 0.012345 0.334120 0.684686 0.398389
79 0.269968 0.374353 0.199620 0.102848 0.187856 0.197073 0.215419 0.240844 0.400309
79 0.268449 0.374818 0.199241 0.099982 0.194735 0.200411 0.217595 0.241892 0.394238
79 0.261234 0.387174 0.200804 0.116352 0.183652 0.203522 0.226546 0.259478 0.397251
89 0.307278 0.303892 0.139735 0.215630 0.199010 0.008675 0.339015 0.312802 0.407296
89 0.300926 0.291267 0.145922 0.219539 0.201207 0.008381 0.338464 0.312039 0.401008
89 0.298006 0.292434 0.149293 0.225918 0.205676 0.007889 0.333144 0.313955 0.399460
