0.0 0.02 0.0 0.483 0.473 0.0 0.024 0.0
0.0 0.021 0.0 0.483 0.477 0.0 0.019 0.0
0.0 0.018 0.0 0.461 0.489 0.0 0.032 0.0
0.0 0.022 0.0 0.498 0.465 0.0 0.015 0.0
0.0 0.016 0.0 0.459 0.498 0.0 0.027 0.0
0.0 0.026 0.0 0.478 0.475 0.0 0.021 0.0
0.0 0.021 0.0 0.508 0.45 0.0 0.021 0.0
0.0 0.023 0.0 0.473 0.484 0.0 0.02 0.0
0.0 0.021 0.0 0.493 0.459 0.0 0.027 0.0
0.0 0.014 0.0 0.475 0.486 0.0 0.025 0.0
0.0 0.029 0.0 0.468 0.483 0.0 0.02 0.0
0.0 0.022 0.0 0.489 0.467 0.0 0.022 0.0
0.0 0.023 0.0 0.474 0.48 0.0 0.023 0.0
0.0 0.021 0.0 0.465 0.497 0.0 0.017 0.0
0.0 0.033 0.0 0.462 0.484 0.0 0.021 0.0
0.0 0.022 0.0 0.487 0.469 0.0 0.022 0.0
0.0 0.012 0.0 0.471 0.486 0.0 0.031 0.0
0.0 0.02 0.0 0.458 0.503 0.0 0.019 0.0
0.0 0.025 0.0 0.476 0.481 0.0 0.018 0.0
0.0 0.026 0.0 0.488 0.467 0.0 0.019 0.0
0.0 0.016 0.0 0.48 0.482 0.0 0.022 0.0
0.0 0.022 0.0 0.486 0.466 0.0 0.026 0.0
0.0 0.019 0.0 0.475 0.478 0.0 0.028 0.0
0.0 0.023 0.0 0.49 0.463 0.0 0.024 0.0
0.0 0.02 0.0 0.481 0.48 0.0 0.019 0.0
0.0 0.028 0.0 0.465 0.48 0.0 0.027 0.0
0.0 0.018 0.0 0.482 0.473 0.0 0.027 0.0
0.0 0.024 0.0 0.456 0.501 0.0 0.019 0.0
0.0 0.018 0.0 0.48 0.481 0.0 0.021 0.0
0.0 0.015 0.0 0.469 0.489 0.0 0.027 0.0
0.0 0.013 0.0 0.486 0.473 0.0 0.028 0.0
0.0 0.019 0.0 0.47 0.48 0.0 0.031 0.0
0.0 0.022 0.0 0.461 0.504 0.0 0.013 0.0
0.0 0.029 0.0 0.453 0.483 0.0 0.035 0.0
0.0 0.021 0.0 0.495 0.462 0.0 0.022 0.0
0.0 0.016 0.0 0.49 0.474 0.0 0.02 0.0
0.0 0.023 0.0 0.487 0.477 0.0 0.013 0.0
0.0 0.029 0.0 0.518 0.431 0.0 0.022 0.0
0.0 0.015 0.0 0.465 0.505 0.0 0.015 0.0
0.0 0.02 0.0 0.466 0.488 0.0 0.026 0.0
0.0 0.017 0.0 0.492 0.473 0.0 0.018 0.0
0.0 0.022 0.0 0.466 0.485 0.0 0.027 0.0
0.0 0.02 0.0 0.456 0.499 0.0 0.025 0.0
0.0 0.024 0.0 0.49 0.465 0.0 0.021 0.0
0.0 0.021 0.0 0.48 0.467 0.0 0.032 0.0
0.0 0.031 0.0 0.463 0.482 0.0 0.024 0.0
0.0 0.025 0.0 0.473 0.477 0.0 0.025 0.0
0.0 0.029 0.0 0.453 0.499 0.0 0.019 0.0
0.0 0.023 0.0 0.454 0.505 0.0 0.018 0.0
0.0 0.02 0.0 0.508 0.456 0.0 0.016 0.0
0.0 0.017 0.0 0.513 0.444 0.0 0.026 0.0
0.0 0.023 0.0 0.485 0.47 0.0 0.022 0.0
0.0 0.015 0.0 0.483 0.483 0.0 0.019 0.0
0.0 0.024 0.0 0.489 0.468 0.0 0.019 0.0
0.0 0.026 0.0 0.442 0.513 0.0 0.019 0.0
0.0 0.025 0.0 0.465 0.486 0.0 0.024 0.0
0.0 0.021 0.0 0.494 0.455 0.0 0.03 0.0
0.0 0.018 0.0 0.454 0.502 0.0 0.026 0.0
0.0 0.028 0.0 0.474 0.47 0.0 0.028 0.0
0.0 0.027 0.0 0.496 0.454 0.0 0.023 0.0
0.0 0.015 0.0 0.483 0.485 0.0 0.017 0.0
0.0 0.023 0.0 0.466 0.484 0.0 0.027 0.0
0.0 0.024 0.0 0.463 0.484 0.0 0.029 0.0
0.0 0.025 0.0 0.467 0.477 0.0 0.031 0.0
0.0 0.026 0.0 0.498 0.453 0.0 0.023 0.0
0.0 0.028 0.0 0.466 0.48 0.0 0.026 0.0
0.0 0.027 0.0 0.491 0.456 0.0 0.026 0.0
0.0 0.036 0.0 0.448 0.487 0.0 0.029 0.0
0.0 0.027 0.0 0.459 0.491 0.0 0.023 0.0
0.0 0.026 0.0 0.491 0.46 0.0 0.023 0.0
0.0 0.025 0.0 0.47 0.481 0.0 0.024 0.0
0.0 0.017 0.0 0.468 0.493 0.0 0.022 0.0
0.0 0.028 0.0 0.435 0.504 0.0 0.033 0.0
0.0 0.035 0.0 0.465 0.478 0.0 0.022 0.0
0.0 0.021 0.0 0.479 0.476 0.0 0.024 0.0
0.0 0.024 0.0 0.484 0.468 0.0 0.024 0.0
0.0 0.026 0.0 0.465 0.49 0.0 0.019 0.0
0.0 0.022 0.0 0.471 0.49 0.0 0.017 0.0
0.0 0.024 0.0 0.451 0.501 0.0 0.024 0.0
0.0 0.024 0.0 0.49 0.468 0.0 0.018 0.0
0.0 0.019 0.0 0.493 0.458 0.0 0.03 0.0
0.0 0.025 0.0 0.474 0.479 0.0 0.022 0.0
0.0 0.027 0.0 0.485 0.47 0.0 0.018 0.0
0.0 0.029 0.0 0.455 0.49 0.0 0.026 0.0
0.0 0.031 0.0 0.467 0.476 0.0 0.026 0.0
0.0 0.018 0.0 0.492 0.465 0.0 0.025 0.0
0.0 0.038 0.0 0.459 0.465 0.0 0.038 0.0
0.0 0.021 0.0 0.457 0.498 0.0 0.024 0.0
0.0 0.024 0.0 0.484 0.464 0.0 0.028 0.0
0.0 0.019 0.0 0.48 0.482 0.0 0.019 0.0
0.0 0.016 0.0 0.458 0.505 0.0 0.021 0.0
0.0 0.026 0.0 0.484 0.468 0.0 0.022 0.0
0.0 0.03 0.0 0.461 0.489 0.0 0.02 0.0
0.0 0.027 0.0 0.488 0.46 0.0 0.025 0.0
0.0 0.025 0.0 0.475 0.477 0.0 0.023 0.0
0.0 0.025 0.0 0.504 0.434 0.0 0.037 0.0
0.0 0.021 0.0 0.499 0.461 0.0 0.019 0.0
0.0 0.026 0.0 0.453 0.492 0.0 0.029 0.0
0.0 0.027 0.0 0.461 0.488 0.0 0.024 0.0
0.0 0.029 0.0 0.467 0.466 0.0 0.038 0.0
0.0 0.024 0.0 0.502 0.447 0.0 0.027 0.0
0.0 0.021 0.0 0.489 0.463 0.0 0.027 0.0
0.0 0.031 0.0 0.438 0.502 0.0 0.029 0.0
0.0 0.028 0.0 0.471 0.477 0.0 0.024 0.0
0.0 0.026 0.0 0.493 0.458 0.0 0.023 0.0
0.0 0.032 0.0 0.473 0.472 0.0 0.023 0.0
0.0 0.023 0.0 0.482 0.478 0.0 0.017 0.0
0.0 0.027 0.0 0.492 0.454 0.0 0.027 0.0
0.0 0.025 0.0 0.49 0.463 0.0 0.022 0.0
0.0 0.034 0.0 0.464 0.474 0.0 0.028 0.0
0.0 0.028 0.0 0.468 0.475 0.0 0.029 0.0
0.0 0.034 0.0 0.464 0.473 0.0 0.029 0.0
0.0 0.024 0.0 0.461 0.482 0.0 0.033 0.0
0.0 0.029 0.0 0.476 0.472 0.0 0.023 0.0
0.0 0.029 0.0 0.47 0.476 0.0 0.025 0.0
0.0 0.031 0.0 0.461 0.481 0.0 0.027 0.0
0.0 0.023 0.0 0.469 0.476 0.0 0.032 0.0
0.0 0.015 0.0 0.471 0.488 0.0 0.026 0.0
0.0 0.02 0.0 0.465 0.479 0.0 0.036 0.0
0.0 0.034 0.0 0.477 0.471 0.0 0.018 0.0
0.0 0.026 0.0 0.484 0.457 0.0 0.033 0.0
0.0 0.028 0.0 0.506 0.449 0.0 0.017 0.0
0.0 0.03 0.0 0.464 0.472 0.0 0.034 0.0
0.0 0.02 0.0 0.459 0.501 0.0 0.02 0.0
0.0 0.03 0.0 0.477 0.473 0.0 0.02 0.0
0.0 0.032 0.0 0.485 0.456 0.0 0.027 0.0
0.0 0.027 0.0 0.449 0.494 0.0 0.03 0.0
0.0 0.026 0.0 0.488 0.459 0.0 0.027 0.0
0.0 0.023 0.0 0.49 0.468 0.0 0.019 0.0
0.0 0.034 0.0 0.504 0.442 0.0 0.02 0.0
0.0 0.021 0.0 0.474 0.485 0.0 0.02 0.0
0.0 0.033 0.0 0.445 0.49 0.0 0.032 0.0
0.0 0.034 0.0 0.483 0.457 0.0 0.026 0.0
0.0 0.026 0.0 0.472 0.474 0.0 0.028 0.0
0.0 0.016 0.0 0.501 0.45 0.0 0.033 0.0
0.0 0.028 0.0 0.473 0.473 0.0 0.026 0.0
0.0 0.023 0.0 0.475 0.479 0.0 0.023 0.0
0.0 0.025 0.0 0.473 0.468 0.0 0.034 0.0
0.0 0.034 0.0 0.46 0.475 0.0 0.031 0.0
0.0 0.019 0.0 0.48 0.473 0.0 0.028 0.0
0.0 0.032 0.0 0.453 0.489 0.0 0.026 0.0
0.0 0.028 0.0 0.479 0.472 0.0 0.021 0.0
0.0 0.034 0.0 0.484 0.46 0.0 0.022 0.0
0.0 0.032 0.0 0.447 0.485 0.0 0.036 0.0
0.0 0.026 0.0 0.471 0.479 0.0 0.024 0.0
0.0 0.031 0.0 0.466 0.471 0.0 0.032 0.0
0.0 0.021 0.0 0.462 0.484 0.0 0.033 0.0
0.0 0.029 0.0 0.445 0.486 0.0 0.04 0.0
0.0 0.038 0.0 0.458 0.473 0.0 0.031 0.0
0.0 0.034 0.0 0.441 0.493 0.0 0.032 0.0
0.0 0.039 0.0 0.452 0.474 0.0 0.035 0.0
0.0 0.032 0.0 0.454 0.477 0.0 0.037 0.0
0.0 0.035 0.0 0.464 0.471 0.0 0.03 0.0
0.0 0.021 0.0 0.449 0.491 0.0 0.039 0.0
0.0 0.036 0.0 0.468 0.469 0.0 0.027 0.0
0.0 0.024 0.0 0.479 0.47 0.0 0.027 0.0
0.0 0.033 0.0 0.486 0.457 0.0 0.024 0.0
0.0 0.027 0.0 0.467 0.469 0.0 0.037 0.0
0.0 0.029 0.0 0.456 0.483 0.0 0.032 0.0
0.0 0.027 0.0 0.472 0.467 0.0 0.034 0.0
0.0 0.035 0.0 0.481 0.446 0.0 0.038 0.0
0.0 0.03 0.0 0.469 0.46 0.0 0.041 0.0
0.0 0.036 0.0 0.457 0.471 0.0 0.036 0.0
0.0 0.029 0.0 0.474 0.461 0.0 0.036 0.0
0.0 0.038 0.0 0.455 0.486 0.0 0.021 0.0
0.0 0.031 0.0 0.478 0.454 0.0 0.037 0.0
0.0 0.033 0.0 0.481 0.464 0.0 0.022 0.0
0.0 0.033 0.0 0.467 0.466 0.0 0.034 0.0
0.0 0.026 0.0 0.474 0.48 0.0 0.02 0.0
0.0 0.03 0.0 0.491 0.448 0.0 0.031 0.0
0.0 0.027 0.0 0.472 0.467 0.0 0.034 0.0
0.0 0.03 0.0 0.47 0.477 0.0 0.023 0.0
0.0 0.034 0.0 0.475 0.462 0.0 0.029 0.0
0.0 0.037 0.0 0.474 0.461 0.0 0.028 0.0
0.0 0.039 0.0 0.48 0.444 0.0 0.037 0.0
0.0 0.043 0.0 0.466 0.461 0.0 0.03 0.0
0.0 0.03 0.0 0.463 0.47 0.0 0.037 0.0
0.0 0.029 0.0 0.476 0.462 0.0 0.033 0.0
0.0 0.025 0.0 0.469 0.477 0.0 0.029 0.0
0.0 0.022 0.0 0.453 0.487 0.0 0.038 0.0
0.0 0.045 0.0 0.462 0.462 0.0 0.031 0.0
0.0 0.026 0.0 0.459 0.488 0.0 0.027 0.0
0.0 0.031 0.0 0.458 0.473 0.0 0.038 0.0
0.0 0.031 0.0 0.491 0.443 0.0 0.035 0.0
0.0 0.051 0.0 0.455 0.454 0.0 0.04 0.0
0.0 0.03 0.0 0.459 0.478 0.0 0.033 0.0
0.0 0.044 0.0 0.459 0.468 0.0 0.029 0.0
0.0 0.031 0.0 0.475 0.46 0.0 0.034 0.0
0.0 0.02 0.0 0.468 0.474 0.0 0.038 0.0
0.0 0.024 0.0 0.464 0.475 0.0 0.037 0.0
0.0 0.033 0.0 0.465 0.476 0.0 0.026 0.0
0.0 0.029 0.0 0.459 0.474 0.0 0.038 0.0
0.0 0.025 0.0 0.483 0.46 0.0 0.032 0.0
0.0 0.04 0.0 0.47 0.462 0.0 0.028 0.0
0.0 0.031 0.0 0.491 0.442 0.0 0.036 0.0
0.0 0.037 0.0 0.446 0.478 0.0 0.039 0.0
0.0 0.032 0.0 0.437 0.495 0.0 0.036 0.0
0.0 0.024 0.0 0.491 0.456 0.0 0.029 0.0
0.0 0.02 0.0 0.466 0.489 0.0 0.025 0.0
0.0 0.039 0.0 0.469 0.457 0.0 0.035 0.0
