0.0 0.0 0.0 0.483 0.517 0.0 0.0 0.0
0.0 0.0 0.0 0.473 0.527 0.0 0.0 0.0
0.0 0.0 0.0 0.507 0.493 0.0 0.0 0.0
0.0 0.0 0.0 0.511 0.489 0.0 0.0 0.0
0.0 0.0 0.0 0.496 0.504 0.0 0.0 0.0
0.0 0.0 0.0 0.476 0.524 0.0 0.0 0.0
0.0 0.002 0.0 0.52 0.478 0.0 0.0 0.0
0.0 0.0 0.0 0.514 0.486 0.0 0.0 0.0
0.0 0.0 0.0 0.516 0.484 0.0 0.0 0.0
0.0 0.001 0.0 0.505 0.494 0.0 0.0 0.0
0.0 0.002 0.0 0.512 0.486 0.0 0.0 0.0
0.0 0.0 0.0 0.501 0.498 0.0 0.001 0.0
0.0 0.001 0.0 0.503 0.493 0.0 0.003 0.0
0.0 0.002 0.0 0.516 0.478 0.0 0.004 0.0
0.0 0.005 0.0 0.504 0.49 0.0 0.001 0.0
0.0 0.002 0.0 0.504 0.493 0.0 0.001 0.0
0.0 0.005 0.0 0.482 0.512 0.0 0.001 0.0
0.0 0.002 0.0 0.475 0.523 0.0 0.0 0.0
0.0 0.002 0.0 0.53 0.465 0.0 0.003 0.0
0.0 0.001 0.0 0.5 0.494 0.0 0.005 0.0
0.0 0.001 0.0 0.495 0.5 0.0 0.004 0.0
0.0 0.003 0.0 0.512 0.483 0.0 0.002 0.0
0.0 0.002 0.0 0.493 0.501 0.0 0.004 0.0
0.0 0.008 0.0 0.495 0.493 0.0 0.004 0.0
0.0 0.002 0.0 0.495 0.5 0.0 0.003 0.0
0.0 0.007 0.0 0.468 0.518 0.0 0.007 0.0
0.0 0.001 0.0 0.506 0.491 0.0 0.002 0.0
0.0 0.004 0.0 0.477 0.515 0.0 0.004 0.0
0.0 0.004 0.0 0.472 0.517 0.0 0.007 0.0
0.0 0.003 0.0 0.483 0.511 0.0 0.003 0.0
0.0 0.005 0.0 0.486 0.506 0.0 0.003 0.0
0.0 0.007 0.0 0.493 0.495 0.0 0.005 0.0
0.0 0.005 0.0 0.492 0.497 0.0 0.006 0.0
0.0 0.003 0.0 0.484 0.504 0.0 0.009 0.0
0.0 0.012 0.0 0.492 0.491 0.0 0.005 0.0
0.0 0.008 0.0 0.488 0.496 0.0 0.008 0.0
0.0 0.002 0.0 0.498 0.494 0.0 0.006 0.0
0.0 0.007 0.0 0.489 0.498 0.0 0.006 0.0
0.0 0.005 0.0 0.472 0.51 0.0 0.013 0.0
0.0 0.008 0.0 0.485 0.502 0.0 0.005 0.0
0.0 0.007 0.0 0.48 0.505 0.0 0.008 0.0
0.0 0.006 0.0 0.481 0.507 0.0 0.006 0.0
0.0 0.012 0.0 0.495 0.481 0.0 0.012 0.0
0.0 0.01 0.0 0.492 0.485 0.0 0.013 0.0
0.0 0.011 0.0 0.505 0.477 0.0 0.007 0.0
0.0 0.014 0.0 0.509 0.466 0.0 0.011 0.0
0.0 0.015 0.0 0.47 0.506 0.0 0.009 0.0
0.0 0.007 0.0 0.481 0.503 0.0 0.009 0.0
0.0 0.011 0.0 0.485 0.491 0.0 0.013 0.0
0.0 0.016 0.0 0.51 0.463 0.0 0.011 0.0
0.0 0.016 0.0 0.523 0.448 0.0 0.013 0.0
0.0 0.008 0.0 0.502 0.481 0.0 0.009 0.0
0.0 0.009 0.0 0.484 0.497 0.0 0.01 0.0
0.0 0.008 0.0 0.489 0.494 0.0 0.009 0.0
0.0 0.012 0.0 0.503 0.476 0.0 0.009 0.0
0.0 0.011 0.0 0.504 0.473 0.0 0.012 0.0
0.0 0.012 0.0 0.476 0.498 0.0 0.014 0.0
0.0 0.008 0.0 0.493 0.489 0.0 0.01 0.0
0.0 0.012 0.0 0.496 0.478 0.0 0.014 0.0
0.0 0.017 0.0 0.479 0.488 0.0 0.016 0.0
0.0 0.009 0.0 0.497 0.477 0.0 0.017 0.0
0.0 0.011 0.0 0.474 0.5 0.0 0.015 0.0
0.0 0.018 0.0 0.466 0.502 0.0 0.014 0.0
0.0 0.02 0.0 0.478 0.484 0.0 0.018 0.0
0.0 0.014 0.0 0.469 0.508 0.0 0.009 0.0
0.0 0.02 0.0 0.48 0.479 0.0 0.021 0.0
0.0 0.017 0.0 0.495 0.477 0.0 0.011 0.0
0.0 0.014 0.0 0.485 0.486 0.0 0.015 0.0
0.0 0.016 0.0 0.463 0.509 0.0 0.012 0.0
0.0 0.009 0.0 0.513 0.46 0.0 0.018 0.0
0.0 0.023 0.0 0.485 0.471 0.0 0.021 0.0
0.0 0.016 0.0 0.51 0.46 0.0 0.014 0.0
0.0 0.017 0.0 0.482 0.485 0.0 0.016 0.0
0.0 0.019 0.0 0.453 0.505 0.0 0.023 0.0
0.0 0.021 0.0 0.473 0.488 0.0 0.018 0.0
0.0 0.017 0.0 0.474 0.489 0.0 0.02 0.0
0.0 0.023 0.0 0.488 0.465 0.0 0.024 0.0
0.0 0.021 0.0 0.487 0.468 0.0 0.024 0.0
0.0 0.02 0.0 0.47 0.491 0.0 0.019 0.0
0.0 0.021 0.0 0.486 0.474 0.0 0.019 0.0
0.0 0.02 0.0 0.479 0.485 0.0 0.016 0.0
0.0 0.02 0.0 0.509 0.44 0.0 0.031 0.0
0.0 0.014 0.0 0.468 0.498 0.0 0.02 0.0
0.0 0.013 0.0 0.478 0.477 0.0 0.032 0.0
0.0 0.023 0.0 0.487 0.469 0.0 0.021 0.0
0.0 0.022 0.0 0.474 0.479 0.0 0.025 0.0
0.0 0.019 0.0 0.478 0.491 0.0 0.012 0.0
0.0 0.017 0.0 0.488 0.473 0.0 0.022 0.0
0.0 0.018 0.0 0.523 0.438 0.0 0.021 0.0
0.0 0.014 0.0 0.471 0.491 0.0 0.024 0.0
0.0 0.029 0.0 0.459 0.482 0.0 0.03 0.0
0.0 0.026 0.0 0.475 0.481 0.0 0.018 0.0
0.0 0.029 0.0 0.451 0.479 0.0 0.041 0.0
0.0 0.039 0.0 0.484 0.456 0.0 0.021 0.0
0.0 0.034 0.0 0.472 0.477 0.0 0.017 0.0
0.0 0.024 0.0 0.469 0.483 0.0 0.024 0.0
0.0 0.022 0.0 0.488 0.471 0.0 0.019 0.0
0.0 0.031 0.0 0.477 0.463 0.0 0.029 0.0
0.0 0.024 0.0 0.479 0.47 0.0 0.027 0.0
0.0 0.022 0.0 0.496 0.46 0.0 0.022 0.0
0.0 0.029 0.0 0.471 0.47 0.0 0.03 0.0
0.0 0.037 0.0 0.487 0.448 0.0 0.028 0.0
0.0 0.024 0.0 0.476 0.477 0.0 0.023 0.0
0.0 0.035 0.0 0.475 0.459 0.0 0.031 0.0
0.0 0.03 0.0 0.483 0.46 0.0 0.027 0.0
0.0 0.026 0.0 0.464 0.489 0.0 0.021 0.0
0.0 0.021 0.0 0.484 0.462 0.0 0.033 0.0
0.0 0.026 0.0 0.483 0.455 0.0 0.036 0.0
0.0 0.028 0.0 0.477 0.467 0.0 0.028 0.0
0.0 0.029 0.0 0.476 0.463 0.0 0.032 0.0
0.0 0.026 0.0 0.455 0.495 0.0 0.024 0.0
0.0 0.04 0.0 0.479 0.45 0.0 0.031 0.0
0.0 0.025 0.0 0.473 0.47 0.0 0.032 0.0
0.0 0.034 0.0 0.471 0.473 0.0 0.022 0.0
0.0 0.034 0.0 0.471 0.466 0.0 0.029 0.0
0.0 0.038 0.0 0.462 0.47 0.0 0.03 0.0
0.0 0.026 0.0 0.442 0.506 0.0 0.026 0.0
0.0 0.04 0.0 0.472 0.464 0.0 0.024 0.0
0.0 0.034 0.0 0.45 0.477 0.0 0.039 0.0
0.0 0.032 0.0 0.466 0.468 0.0 0.034 0.0
0.0 0.029 0.0 0.458 0.484 0.0 0.029 0.0
0.0 0.036 0.0 0.44 0.484 0.0 0.04 0.0
0.0 0.037 0.0 0.472 0.457 0.0 0.034 0.0
0.0 0.036 0.0 0.472 0.455 0.0 0.037 0.0
0.0 0.034 0.0 0.474 0.447 0.0 0.045 0.0
0.0 0.037 0.0 0.444 0.484 0.0 0.035 0.0
0.0 0.033 0.0 0.469 0.462 0.0 0.036 0.0
0.0 0.036 0.0 0.455 0.474 0.0 0.035 0.0
0.0 0.038 0.0 0.464 0.464 0.0 0.034 0.0
0.0 0.03 0.0 0.489 0.435 0.0 0.046 0.0
0.0 0.034 0.0 0.471 0.462 0.0 0.033 0.0
0.0 0.03 0.0 0.474 0.45 0.0 0.046 0.0
0.0 0.033 0.0 0.46 0.475 0.0 0.032 0.0
0.0 0.037 0.0 0.457 0.482 0.0 0.024 0.0
0.0 0.035 0.0 0.464 0.467 0.0 0.034 0.0
0.0 0.048 0.0 0.441 0.476 0.0 0.035 0.0
0.0 0.046 0.0 0.449 0.456 0.0 0.049 0.0
0.0 0.028 0.0 0.472 0.46 0.0 0.04 0.0
0.0 0.038 0.0 0.443 0.473 0.0 0.046 0.0
0.0 0.032 0.0 0.478 0.456 0.0 0.034 0.0
0.0 0.031 0.0 0.443 0.491 0.0 0.035 0.0
0.0 0.038 0.0 0.474 0.456 0.0 0.032 0.0
0.0 0.031 0.0 0.486 0.448 0.0 0.035 0.0
0.0 0.037 0.0 0.446 0.467 0.0 0.05 0.0
0.0 0.057 0.0 0.433 0.466 0.0 0.044 0.0
0.0 0.033 0.0 0.471 0.445 0.0 0.051 0.0
0.0 0.043 0.0 0.443 0.477 0.0 0.037 0.0
0.0 0.057 0.0 0.454 0.45 0.0 0.039 0.0
0.0 0.043 0.0 0.431 0.471 0.0 0.055 0.0
0.0 0.044 0.0 0.454 0.453 0.0 0.049 0.0
0.0 0.047 0.0 0.455 0.448 0.0 0.05 0.0
0.0 0.051 0.0 0.445 0.453 0.0 0.051 0.0
0.0 0.042 0.0 0.449 0.464 0.0 0.045 0.0
0.0 0.045 0.0 0.47 0.437 0.0 0.048 0.0
0.0 0.041 0.0 0.469 0.437 0.0 0.053 0.0
0.0 0.04 0.0 0.439 0.464 0.0 0.057 0.0
0.0 0.043 0.0 0.463 0.463 0.0 0.031 0.0
0.0 0.04 0.0 0.46 0.449 0.0 0.051 0.0
0.0 0.036 0.0 0.452 0.468 0.0 0.044 0.0
0.0 0.056 0.0 0.461 0.446 0.0 0.037 0.0
0.0 0.042 0.0 0.492 0.421 0.0 0.045 0.0
0.0 0.027 0.0 0.432 0.497 0.0 0.044 0.0
0.0 0.041 0.0 0.453 0.453 0.0 0.053 0.0
0.0 0.051 0.0 0.453 0.438 0.0 0.058 0.0
0.0 0.052 0.0 0.489 0.408 0.0 0.051 0.0
0.0 0.049 0.0 0.446 0.449 0.0 0.056 0.0
0.0 0.051 0.0 0.436 0.457 0.0 0.056 0.0
0.0 0.048 0.0 0.456 0.452 0.0 0.044 0.0
0.0 0.045 0.0 0.449 0.459 0.0 0.047 0.0
0.0 0.037 0.0 0.433 0.484 0.0 0.046 0.0
0.0 0.037 0.0 0.477 0.432 0.0 0.054 0.0
0.0 0.046 0.0 0.487 0.42 0.0 0.047 0.0
0.0 0.04 0.0 0.443 0.476 0.0 0.041 0.0
0.0 0.046 0.0 0.454 0.464 0.0 0.036 0.0
0.0 0.056 0.0 0.454 0.451 0.0 0.039 0.0
0.0 0.049 0.0 0.439 0.473 0.0 0.039 0.0
0.0 0.046 0.0 0.409 0.496 0.0 0.049 0.0
0.0 0.047 0.0 0.421 0.484 0.0 0.048 0.0
0.0 0.058 0.0 0.437 0.454 0.0 0.051 0.0
0.0 0.052 0.0 0.441 0.457 0.0 0.05 0.0
0.0 0.059 0.0 0.455 0.43 0.0 0.056 0.0
0.0 0.045 0.0 0.466 0.433 0.0 0.056 0.0
0.0 0.05 0.0 0.479 0.416 0.0 0.055 0.0
0.0 0.061 0.0 0.446 0.45 0.0 0.043 0.0
0.0 0.061 0.0 0.439 0.444 0.0 0.056 0.0
0.0 0.051 0.0 0.462 0.443 0.0 0.044 0.0
0.0 0.06 0.0 0.421 0.458 0.0 0.061 0.0
0.0 0.052 0.0 0.453 0.432 0.0 0.063 0.0
0.0 0.052 0.0 0.452 0.432 0.0 0.064 0.0
0.0 0.054 0.0 0.449 0.442 0.0 0.055 0.0
0.0 0.047 0.0 0.459 0.426 0.0 0.068 0.0
0.0 0.06 0.0 0.446 0.439 0.0 0.055 0.0
0.0 0.048 0.0 0.453 0.44 0.0 0.059 0.0
0.0 0.05 0.0 0.431 0.459 0.0 0.06 0.0
0.0 0.055 0.0 0.452 0.435 0.0 0.058 0.0
0.0 0.052 0.0 0.431 0.455 0.0 0.062 0.0
0.0 0.056 0.0 0.446 0.447 0.0 0.051 0.0
0.0 0.044 0.0 0.412 0.479 0.0 0.065 0.0
0.0 0.05 0.0 0.434 0.457 0.0 0.059 0.0
0.0 0.051 0.0 0.434 0.45 0.0 0.065 0.0
