0.0 0.052 0.0 0.434 0.466 0.0 0.048 0.0
0.0 0.054 0.0 0.479 0.42 0.0 0.047 0.0
0.0 0.046 0.0 0.458 0.434 0.0 0.062 0.0
0.0 0.052 0.0 0.462 0.433 0.0 0.053 0.0
0.0 0.044 0.0 0.432 0.47 0.0 0.054 0.0
0.0 0.052 0.0 0.45 0.45 0.0 0.048 0.0
0.0 0.063 0.0 0.441 0.463 0.0 0.033 0.0
0.0 0.046 0.0 0.442 0.459 0.0 0.053 0.0
0.0 0.038 0.0 0.455 0.471 0.0 0.036 0.0
0.0 0.043 0.0 0.441 0.479 0.0 0.037 0.0
0.0 0.045 0.0 0.436 0.472 0.0 0.047 0.0
0.0 0.049 0.0 0.447 0.453 0.0 0.051 0.0
0.0 0.045 0.0 0.443 0.472 0.0 0.04 0.0
0.0 0.038 0.0 0.47 0.437 0.0 0.055 0.0
0.0 0.058 0.0 0.446 0.454 0.0 0.042 0.0
0.0 0.049 0.0 0.447 0.463 0.0 0.041 0.0
0.0 0.04 0.0 0.466 0.447 0.0 0.047 0.0
0.0 0.04 0.0 0.435 0.477 0.0 0.048 0.0
0.0 0.049 0.0 0.458 0.44 0.0 0.053 0.0
0.0 0.034 0.0 0.467 0.454 0.0 0.045 0.0
0.0 0.045 0.0 0.466 0.447 0.0 0.042 0.0
0.0 0.034 0.0 0.459 0.457 0.0 0.05 0.0
0.0 0.028 0.0 0.43 0.507 0.0 0.035 0.0
0.0 0.043 0.0 0.452 0.458 0.0 0.047 0.0
0.0 0.038 0.0 0.465 0.448 0.0 0.049 0.0
0.0 0.048 0.0 0.478 0.434 0.0 0.04 0.0
0.0 0.04 0.0 0.448 0.47 0.0 0.042 0.0
0.0 0.028 0.0 0.484 0.456 0.0 0.032 0.0
0.0 0.032 0.0 0.455 0.476 0.0 0.037 0.0
0.0 0.05 0.0 0.471 0.443 0.0 0.036 0.0
0.0 0.039 0.0 0.484 0.431 0.0 0.046 0.0
0.0 0.042 0.0 0.441 0.484 0.0 0.033 0.0
0.0 0.045 0.0 0.447 0.465 0.0 0.043 0.0
0.0 0.047 0.0 0.474 0.448 0.0 0.031 0.0
0.0 0.045 0.0 0.435 0.481 0.0 0.039 0.0
0.0 0.034 0.0 0.478 0.445 0.0 0.043 0.0
0.0 0.035 0.0 0.453 0.486 0.0 0.026 0.0
0.0 0.033 0.0 0.461 0.464 0.0 0.042 0.0
0.0 0.035 0.0 0.46 0.466 0.0 0.039 0.0
0.0 0.043 0.0 0.509 0.412 0.0 0.036 0.0
0.0 0.035 0.0 0.438 0.49 0.0 0.037 0.0
0.0 0.041 0.0 0.449 0.473 0.0 0.037 0.0
0.0 0.025 0.0 0.464 0.477 0.0 0.034 0.0
0.0 0.038 0.0 0.458 0.465 0.0 0.039 0.0
0.0 0.044 0.0 0.484 0.439 0.0 0.033 0.0
0.0 0.033 0.0 0.47 0.459 0.0 0.038 0.0
0.0 0.039 0.0 0.441 0.48 0.0 0.04 0.0
0.0 0.044 0.0 0.489 0.434 0.0 0.033 0.0
0.0 0.039 0.0 0.46 0.469 0.0 0.032 0.0
0.0 0.027 0.0 0.457 0.471 0.0 0.045 0.0
0.0 0.031 0.0 0.453 0.481 0.0 0.035 0.0
0.0 0.027 0.0 0.483 0.459 0.0 0.031 0.0
0.0 0.034 0.0 0.469 0.47 0.0 0.027 0.0
0.0 0.028 0.0 0.463 0.478 0.0 0.031 0.0
0.0 0.037 0.0 0.479 0.454 0.0 0.03 0.0
0.0 0.037 0.0 0.464 0.466 0.0 0.033 0.0
0.0 0.023 0.0 0.446 0.498 0.0 0.033 0.0
0.0 0.028 0.0 0.481 0.457 0.0 0.034 0.0
0.0 0.032 0.0 0.472 0.462 0.0 0.034 0.0
0.0 0.028 0.0 0.473 0.461 0.0 0.038 0.0
0.0 0.022 0.0 0.481 0.468 0.0 0.029 0.0
0.0 0.032 0.0 0.478 0.455 0.0 0.035 0.0
0.0 0.04 0.0 0.503 0.427 0.0 0.03 0.0
0.0 0.028 0.0 0.473 0.468 0.0 0.031 0.0
0.0 0.041 0.0 0.468 0.461 0.0 0.03 0.0
0.0 0.031 0.0 0.477 0.466 0.0 0.026 0.0
0.0 0.024 0.0 0.495 0.448 0.0 0.033 0.0
0.0 0.028 0.0 0.477 0.464 0.0 0.031 0.0
0.0 0.022 0.0 0.465 0.486 0.0 0.027 0.0
0.0 0.027 0.0 0.472 0.464 0.0 0.037 0.0
0.0 0.03 0.0 0.484 0.453 0.0 0.033 0.0
0.0 0.035 0.0 0.441 0.486 0.0 0.038 0.0
0.0 0.036 0.0 0.461 0.472 0.0 0.031 0.0
0.0 0.03 0.0 0.469 0.464 0.0 0.037 0.0
0.0 0.032 0.0 0.437 0.5 0.0 0.031 0.0
0.0 0.025 0.0 0.475 0.456 0.0 0.044 0.0
0.0 0.038 0.0 0.463 0.477 0.0 0.022 0.0
0.0 0.026 0.0 0.451 0.501 0.0 0.022 0.0
0.0 0.024 0.0 0.478 0.468 0.0 0.03 0.0
0.0 0.02 0.0 0.468 0.487 0.0 0.025 0.0
0.0 0.026 0.0 0.464 0.483 0.0 0.027 0.0
0.0 0.021 0.0 0.496 0.458 0.0 0.025 0.0
0.0 0.031 0.0 0.487 0.456 0.0 0.026 0.0
0.0 0.037 0.0 0.452 0.484 0.0 0.027 0.0
0.0 0.024 0.0 0.485 0.47 0.0 0.021 0.0
0.0 0.024 0.0 0.468 0.476 0.0 0.032 0.0
0.0 0.019 0.0 0.477 0.482 0.0 0.022 0.0
0.0 0.026 0.0 0.458 0.495 0.0 0.021 0.0
0.0 0.028 0.0 0.466 0.482 0.0 0.024 0.0
0.0 0.033 0.0 0.462 0.468 0.0 0.037 0.0
0.0 0.026 0.0 0.486 0.462 0.0 0.026 0.0
0.0 0.029 0.0 0.479 0.47 0.0 0.022 0.0
0.0 0.027 0.0 0.473 0.475 0.0 0.025 0.0
0.0 0.035 0.0 0.495 0.437 0.0 0.033 0.0
0.0 0.034 0.0 0.447 0.485 0.0 0.034 0.0
0.0 0.027 0.0 0.477 0.468 0.0 0.028 0.0
0.0 0.028 0.0 0.467 0.474 0.0 0.031 0.0
0.0 0.031 0.0 0.446 0.489 0.0 0.034 0.0
0.0 0.017 0.0 0.494 0.462 0.0 0.027 0.0
0.0 0.027 0.0 0.508 0.433 0.0 0.032 0.0
0.0 0.023 0.0 0.487 0.472 0.0 0.018 0.0
0.0 0.03 0.0 0.462 0.483 0.0 0.025 0.0
0.0 0.024 0.0 0.476 0.473 0.0 0.027 0.0
0.0 0.022 0.0 0.5 0.447 0.0 0.031 0.0
0.0 0.029 0.0 0.488 0.46 0.0 0.023 0.0
0.0 0.03 0.0 0.466 0.477 0.0 0.027 0.0
0.0 0.027 0.0 0.466 0.483 0.0 0.024 0.0
0.0 0.03 0.0 0.461 0.476 0.0 0.033 0.0
0.0 0.021 0.0 0.484 0.476 0.0 0.019 0.0
0.0 0.021 0.0 0.47 0.481 0.0 0.028 0.0
0.0 0.022 0.0 0.476 0.479 0.0 0.023 0.0
0.0 0.02 0.0 0.447 0.498 0.0 0.035 0.0
0.0 0.034 0.0 0.471 0.467 0.0 0.028 0.0
0.0 0.028 0.0 0.461 0.488 0.0 0.023 0.0
0.0 0.029 0.0 0.457 0.486 0.0 0.028 0.0
0.0 0.03 0.0 0.49 0.454 0.0 0.026 0.0
0.0 0.026 0.0 0.496 0.46 0.0 0.018 0.0
0.0 0.021 0.0 0.488 0.468 0.0 0.023 0.0
0.0 0.015 0.0 0.489 0.471 0.0 0.025 0.0
0.0 0.028 0.0 0.495 0.452 0.0 0.025 0.0
0.0 0.027 0.0 0.477 0.47 0.0 0.026 0.0
0.0 0.03 0.0 0.481 0.472 0.0 0.017 0.0
0.0 0.024 0.0 0.499 0.458 0.0 0.019 0.0
0.0 0.021 0.0 0.474 0.477 0.0 0.028 0.0
0.0 0.033 0.0 0.48 0.465 0.0 0.022 0.0
0.0 0.025 0.0 0.491 0.465 0.0 0.019 0.0
0.0 0.024 0.0 0.49 0.467 0.0 0.019 0.0
0.0 0.026 0.0 0.481 0.461 0.0 0.032 0.0
0.0 0.019 0.0 0.467 0.486 0.0 0.028 0.0
0.0 0.027 0.0 0.444 0.502 0.0 0.027 0.0
0.0 0.03 0.0 0.491 0.457 0.0 0.022 0.0
0.0 0.02 0.0 0.503 0.452 0.0 0.025 0.0
0.0 0.021 0.0 0.475 0.486 0.0 0.018 0.0
0.0 0.028 0.0 0.489 0.451 0.0 0.032 0.0
0.0 0.027 0.0 0.495 0.458 0.0 0.02 0.0
0.0 0.019 0.0 0.475 0.479 0.0 0.027 0.0
0.0 0.032 0.0 0.487 0.461 0.0 0.02 0.0
0.0 0.027 0.0 0.458 0.496 0.0 0.019 0.0
0.0 0.016 0.0 0.462 0.495 0.0 0.027 0.0
0.0 0.019 0.0 0.472 0.48 0.0 0.029 0.0
0.0 0.022 0.0 0.466 0.493 0.0 0.019 0.0
0.0 0.028 0.0 0.461 0.484 0.0 0.027 0.0
0.0 0.02 0.0 0.466 0.485 0.0 0.029 0.0
0.0 0.025 0.0 0.465 0.483 0.0 0.027 0.0
0.0 0.035 0.0 0.49 0.451 0.0 0.024 0.0
0.0 0.019 0.0 0.471 0.482 0.0 0.028 0.0
0.0 0.022 0.0 0.473 0.486 0.0 0.019 0.0
0.0 0.02 0.0 0.489 0.471 0.0 0.02 0.0
0.0 0.018 0.0 0.474 0.482 0.0 0.026 0.0
0.0 0.022 0.0 0.474 0.481 0.0 0.023 0.0
0.0 0.023 0.0 0.472 0.48 0.0 0.025 0.0
0.0 0.023 0.0 0.474 0.477 0.0 0.026 0.0
0.0 0.026 0.0 0.479 0.473 0.0 0.022 0.0
0.0 0.02 0.0 0.49 0.465 0.0 0.025 0.0
0.0 0.027 0.0 0.482 0.468 0.0 0.023 0.0
0.0 0.023 0.0 0.451 0.505 0.0 0.021 0.0
0.0 0.026 0.0 0.474 0.472 0.0 0.028 0.0
0.0 0.02 0.0 0.48 0.473 0.0 0.027 0.0
0.0 0.022 0.0 0.464 0.483 0.0 0.031 0.0
0.0 0.019 0.0 0.476 0.484 0.0 0.021 0.0
0.0 0.019 0.0 0.477 0.48 0.0 0.024 0.0
0.0 0.019 0.0 0.461 0.485 0.0 0.035 0.0
0.0 0.019 0.0 0.478 0.485 0.0 0.018 0.0
0.0 0.02 0.0 0.461 0.495 0.0 0.024 0.0
0.0 0.023 0.0 0.46 0.5 0.0 0.017 0.0
0.0 0.031 0.0 0.47 0.478 0.0 0.021 0.0
0.0 0.018 0.0 0.477 0.49 0.0 0.015 0.0
0.0 0.02 0.0 0.493 0.46 0.0 0.027 0.0
0.0 0.026 0.0 0.462 0.482 0.0 0.03 0.0
0.0 0.031 0.0 0.457 0.495 0.0 0.017 0.0
0.0 0.016 0.0 0.491 0.468 0.0 0.025 0.0
0.0 0.018 0.0 0.459 0.497 0.0 0.026 0.0
0.0 0.027 0.0 0.503 0.444 0.0 0.026 0.0
0.0 0.027 0.0 0.501 0.449 0.0 0.023 0.0
0.0 0.022 0.0 0.468 0.489 0.0 0.021 0.0
0.0 0.015 0.0 0.517 0.438 0.0 0.03 0.0
0.0 0.018 0.0 0.485 0.473 0.0 0.024 0.0
0.0 0.024 0.0 0.492 0.461 0.0 0.023 0.0
0.0 0.018 0.0 0.468 0.481 0.0 0.033 0.0
0.0 0.02 0.0 0.468 0.486 0.0 0.026 0.0
0.0 0.021 0.0 0.481 0.472 0.0 0.026 0.0
0.0 0.018 0.0 0.488 0.465 0.0 0.029 0.0
0.0 0.026 0.0 0.459 0.49 0.0 0.025 0.0
0.0 0.02 0.0 0.477 0.487 0.0 0.016 0.0
0.0 0.018 0.0 0.474 0.487 0.0 0.021 0.0
0.0 0.024 0.0 0.462 0.495 0.0 0.019 0.0
0.0 0.021 0.0 0.464 0.482 0.0 0.033 0.0
0.0 0.024 0.0 0.492 0.457 0.0 0.027 0.0
0.0 0.023 0.0 0.488 0.465 0.0 0.024 0.0
0.0 0.027 0.0 0.466 0.479 0.0 0.028 0.0
0.0 0.021 0.0 0.478 0.481 0.0 0.02 0.0
0.0 0.033 0.0 0.481 0.47 0.0 0.016 0.0
0.0 0.017 0.0 0.47 0.49 0.0 0.023 0.0
0.0 0.024 0.0 0.475 0.476 0.0 0.025 0.0
0.0 0.02 0.0 0.474 0.481 0.0 0.025 0.0
0.0 0.019 0.0 0.477 0.473 0.0 0.031 0.0
0.0 0.032 0.0 0.455 0.486 0.0 0.027 0.0
0.0 0.018 0.0 0.482 0.477 0.0 0.023 0.0
0.0 0.019 0.0 0.499 0.461 0.0 0.021 0.0
0.0 0.014 0.0 0.47 0.494 0.0 0.022 0.0
