0.0 0.148 0.0 0.363 0.353 0.0 0.136 0.0
0.0 0.14 0.0 0.38 0.35 0.0 0.13 0.0
0.0 0.135 0.0 0.373 0.348 0.0 0.144 0.0
0.0 0.136 0.0 0.369 0.361 0.0 0.134 0.0
0.0 0.147 0.0 0.375 0.366 0.0 0.112 0.0
0.0 0.126 0.0 0.387 0.356 0.0 0.131 0.0
0.0 0.13 0.0 0.367 0.367 0.0 0.136 0.0
0.0 0.124 0.0 0.356 0.391 0.0 0.129 0.0
0.0 0.148 0.0 0.348 0.379 0.0 0.125 0.0
0.0 0.126 0.0 0.349 0.381 0.0 0.144 0.0
0.0 0.143 0.0 0.374 0.354 0.0 0.129 0.0
0.0 0.133 0.0 0.366 0.371 0.0 0.13 0.0
0.0 0.125 0.0 0.364 0.373 0.0 0.138 0.0
0.0 0.119 0.0 0.37 0.384 0.0 0.127 0.0
0.0 0.129 0.0 0.37 0.373 0.0 0.128 0.0
0.0 0.108 0.0 0.373 0.389 0.0 0.13 0.0
0.0 0.136 0.0 0.361 0.373 0.0 0.13 0.0
0.0 0.114 0.0 0.388 0.376 0.0 0.122 0.0
0.0 0.13 0.0 0.379 0.376 0.0 0.115 0.0
0.0 0.128 0.0 0.358 0.397 0.0 0.117 0.0
0.0 0.12 0.0 0.374 0.395 0.0 0.111 0.0
0.0 0.11 0.0 0.391 0.39 0.0 0.109 0.0
0.0 0.125 0.0 0.376 0.397 0.0 0.102 0.0
0.0 0.11 0.0 0.345 0.426 0.0 0.119 0.0
0.0 0.119 0.0 0.386 0.389 0.0 0.106 0.0
0.0 0.113 0.0 0.388 0.379 0.0 0.12 0.0
0.0 0.11 0.0 0.392 0.404 0.0 0.094 0.0
0.0 0.11 0.0 0.404 0.388 0.0 0.098 0.0
0.0 0.107 0.0 0.387 0.385 0.0 0.121 0.0
0.0 0.101 0.0 0.416 0.394 0.0 0.089 0.0
0.0 0.09 0.0 0.386 0.415 0.0 0.109 0.0
0.0 0.099 0.0 0.383 0.394 0.0 0.124 0.0
0.0 0.109 0.0 0.376 0.414 0.0 0.101 0.0
0.0 0.084 0.0 0.377 0.436 0.0 0.103 0.0
0.0 0.114 0.0 0.384 0.408 0.0 0.094 0.0
0.0 0.105 0.0 0.384 0.4 0.0 0.111 0.0
0.0 0.092 0.0 0.415 0.391 0.0 0.102 0.0
0.0 0.093 0.0 0.385 0.437 0.0 0.085 0.0
0.0 0.112 0.0 0.421 0.386 0.0 0.081 0.0
0.0 0.091 0.0 0.429 0.387 0.0 0.093 0.0
0.0 0.111 0.0 0.396 0.39 0.0 0.103 0.0
0.0 0.089 0.0 0.417 0.409 0.0 0.085 0.0
0.0 0.076 0.0 0.423 0.409 0.0 0.092 0.0
0.0 0.087 0.0 0.388 0.417 0.0 0.108 0.0
0.0 0.084 0.0 0.416 0.409 0.0 0.091 0.0
0.0 0.077 0.0 0.397 0.431 0.0 0.095 0.0
0.0 0.07 0.0 0.448 0.414 0.0 0.068 0.0
0.0 0.091 0.0 0.413 0.425 0.0 0.071 0.0
0.0 0.069 0.0 0.41 0.432 0.0 0.089 0.0
0.0 0.071 0.0 0.427 0.423 0.0 0.079 0.0
0.0 0.083 0.0 0.422 0.411 0.0 0.084 0.0
0.0 0.086 0.0 0.425 0.429 0.0 0.06 0.0
0.0 0.07 0.0 0.414 0.45 0.0 0.066 0.0
0.0 0.071 0.0 0.448 0.401 0.0 0.08 0.0
0.0 0.093 0.0 0.397 0.45 0.0 0.06 0.0
0.0 0.07 0.0 0.423 0.436 0.0 0.071 0.0
0.0 0.073 0.0 0.445 0.42 0.0 0.062 0.0
0.0 0.063 0.0 0.424 0.439 0.0 0.074 0.0
0.0 0.067 0.0 0.438 0.429 0.0 0.066 0.0
0.0 0.07 0.0 0.431 0.437 0.0 0.062 0.0
0.0 0.06 0.0 0.419 0.455 0.0 0.066 0.0
0.0 0.071 0.0 0.435 0.409 0.0 0.085 0.0
0.0 0.066 0.0 0.445 0.419 0.0 0.07 0.0
0.0 0.063 0.0 0.429 0.433 0.0 0.075 0.0
0.0 0.067 0.0 0.414 0.457 0.0 0.062 0.0
0.0 0.057 0.0 0.437 0.455 0.0 0.051 0.0
0.0 0.057 0.0 0.454 0.414 0.0 0.075 0.0
0.0 0.048 0.0 0.449 0.452 0.0 0.051 0.0
0.0 0.057 0.0 0.446 0.454 0.0 0.043 0.0
0.0 0.056 0.0 0.451 0.434 0.0 0.059 0.0
0.0 0.043 0.0 0.425 0.476 0.0 0.056 0.0
0.0 0.054 0.0 0.479 0.421 0.0 0.046 0.0
0.0 0.059 0.0 0.452 0.439 0.0 0.05 0.0
0.0 0.051 0.0 0.435 0.46 0.0 0.054 0.0
0.0 0.059 0.0 0.453 0.438 0.0 0.05 0.0
0.0 0.041 0.0 0.459 0.433 0.0 0.067 0.0
0.0 0.053 0.0 0.459 0.433 0.0 0.055 0.0
0.0 0.044 0.0 0.442 0.469 0.0 0.045 0.0
0.0 0.055 0.0 0.437 0.464 0.0 0.044 0.0
0.0 0.055 0.0 0.465 0.438 0.0 0.042 0.0
0.0 0.058 0.0 0.464 0.439 0.0 0.039 0.0
0.0 0.045 0.0 0.457 0.457 0.0 0.041 0.0
0.0 0.041 0.0 0.459 0.45 0.0 0.05 0.0
0.0 0.045 0.0 0.465 0.448 0.0 0.042 0.0
0.0 0.041 0.0 0.477 0.432 0.0 0.05 0.0
0.0 0.038 0.0 0.454 0.46 0.0 0.048 0.0
0.0 0.037 0.0 0.482 0.443 0.0 0.038 0.0
0.0 0.038 0.0 0.46 0.46 0.0 0.042 0.0
0.0 0.037 0.0 0.471 0.458 0.0 0.034 0.0
0.0 0.023 0.0 0.47 0.47 0.0 0.037 0.0
0.0 0.019 0.0 0.446 0.5 0.0 0.035 0.0
0.0 0.033 0.0 0.448 0.498 0.0 0.021 0.0
0.0 0.027 0.0 0.463 0.485 0.0 0.025 0.0
0.0 0.023 0.0 0.492 0.452 0.0 0.033 0.0
0.0 0.036 0.0 0.47 0.461 0.0 0.033 0.0
0.0 0.027 0.0 0.45 0.497 0.0 0.026 0.0
0.0 0.044 0.0 0.462 0.463 0.0 0.031 0.0
0.0 0.029 0.0 0.475 0.461 0.0 0.035 0.0
0.0 0.022 0.0 0.44 0.507 0.0 0.031 0.0
0.0 0.032 0.0 0.464 0.478 0.0 0.026 0.0
0.0 0.022 0.0 0.457 0.488 0.0 0.033 0.0
0.0 0.024 0.0 0.465 0.481 0.0 0.03 0.0
0.0 0.022 0.0 0.473 0.486 0.0 0.019 0.0
0.0 0.026 0.0 0.487 0.465 0.0 0.022 0.0
0.0 0.02 0.0 0.486 0.471 0.0 0.023 0.0
0.0 0.024 0.0 0.474 0.474 0.0 0.028 0.0
0.0 0.027 0.0 0.459 0.487 0.0 0.027 0.0
0.0 0.02 0.0 0.472 0.477 0.0 0.031 0.0
0.0 0.018 0.0 0.51 0.456 0.0 0.016 0.0
0.0 0.023 0.0 0.487 0.469 0.0 0.021 0.0
0.0 0.015 0.0 0.48 0.478 0.0 0.027 0.0
0.0 0.022 0.0 0.523 0.432 0.0 0.023 0.0
0.0 0.021 0.0 0.488 0.457 0.0 0.034 0.0
0.0 0.011 0.0 0.496 0.473 0.0 0.02 0.0
0.0 0.023 0.0 0.469 0.487 0.0 0.021 0.0
0.0 0.019 0.0 0.484 0.47 0.0 0.027 0.0
0.0 0.023 0.0 0.493 0.464 0.0 0.02 0.0
0.0 0.021 0.0 0.484 0.476 0.0 0.019 0.0
0.0 0.019 0.0 0.472 0.488 0.0 0.021 0.0
0.0 0.017 0.0 0.477 0.487 0.0 0.019 0.0
0.0 0.018 0.0 0.471 0.491 0.0 0.02 0.0
0.0 0.013 0.0 0.491 0.481 0.0 0.015 0.0
0.0 0.02 0.0 0.493 0.467 0.0 0.02 0.0
0.0 0.017 0.0 0.492 0.469 0.0 0.022 0.0
0.0 0.017 0.0 0.469 0.492 0.0 0.022 0.0
0.0 0.018 0.0 0.475 0.488 0.0 0.019 0.0
0.0 0.018 0.0 0.455 0.506 0.0 0.021 0.0
0.0 0.017 0.0 0.479 0.484 0.0 0.02 0.0
0.0 0.016 0.0 0.472 0.494 0.0 0.018 0.0
0.0 0.017 0.0 0.497 0.466 0.0 0.02 0.0
0.0 0.016 0.0 0.48 0.486 0.0 0.018 0.0
0.0 0.015 0.0 0.463 0.503 0.0 0.019 0.0
0.0 0.015 0.0 0.478 0.491 0.0 0.016 0.0
0.0 0.017 0.0 0.475 0.491 0.0 0.017 0.0
0.0 0.025 0.0 0.458 0.505 0.0 0.012 0.0
0.0 0.015 0.0 0.499 0.474 0.0 0.012 0.0
0.0 0.013 0.0 0.472 0.497 0.0 0.018 0.0
0.0 0.012 0.0 0.478 0.501 0.0 0.009 0.0
0.0 0.02 0.0 0.479 0.486 0.0 0.015 0.0
0.0 0.021 0.0 0.495 0.475 0.0 0.009 0.0
0.0 0.015 0.0 0.499 0.468 0.0 0.018 0.0
0.0 0.013 0.0 0.527 0.449 0.0 0.011 0.0
0.0 0.018 0.0 0.465 0.504 0.0 0.013 0.0
0.0 0.009 0.0 0.484 0.49 0.0 0.017 0.0
0.0 0.015 0.0 0.462 0.509 0.0 0.014 0.0
0.0 0.013 0.0 0.516 0.451 0.0 0.02 0.0
0.0 0.014 0.0 0.487 0.484 0.0 0.015 0.0
0.0 0.016 0.0 0.484 0.485 0.0 0.015 0.0
0.0 0.011 0.0 0.486 0.486 0.0 0.017 0.0
0.0 0.018 0.0 0.487 0.47 0.0 0.025 0.0
0.0 0.013 0.0 0.463 0.506 0.0 0.018 0.0
0.0 0.016 0.0 0.498 0.475 0.0 0.011 0.0
0.0 0.02 0.0 0.492 0.478 0.0 0.01 0.0
0.0 0.02 0.0 0.488 0.479 0.0 0.013 0.0
0.0 0.013 0.0 0.501 0.468 0.0 0.018 0.0
0.0 0.011 0.0 0.506 0.472 0.0 0.011 0.0
0.0 0.009 0.0 0.481 0.5 0.0 0.01 0.0
0.0 0.014 0.0 0.474 0.496 0.0 0.016 0.0
0.0 0.014 0.0 0.479 0.49 0.0 0.017 0.0
0.0 0.009 0.0 0.497 0.48 0.0 0.014 0.0
0.0 0.016 0.0 0.489 0.485 0.0 0.01 0.0
0.0 0.008 0.0 0.476 0.507 0.0 0.009 0.0
0.0 0.014 0.0 0.476 0.492 0.0 0.018 0.0
0.0 0.01 0.0 0.454 0.527 0.0 0.009 0.0
0.0 0.005 0.0 0.496 0.486 0.0 0.013 0.0
0.0 0.016 0.0 0.484 0.489 0.0 0.011 0.0
0.0 0.011 0.0 0.488 0.49 0.0 0.011 0.0
0.0 0.009 0.0 0.511 0.474 0.0 0.006 0.0
0.0 0.017 0.0 0.475 0.494 0.0 0.014 0.0
0.0 0.008 0.0 0.474 0.508 0.0 0.01 0.0
0.0 0.016 0.0 0.493 0.485 0.0 0.006 0.0
0.0 0.016 0.0 0.495 0.477 0.0 0.012 0.0
0.0 0.011 0.0 0.491 0.485 0.0 0.013 0.0
0.0 0.013 0.0 0.476 0.501 0.0 0.01 0.0
0.0 0.013 0.0 0.497 0.478 0.0 0.012 0.0
0.0 0.008 0.0 0.511 0.473 0.0 0.008 0.0
0.0 0.009 0.0 0.474 0.508 0.0 0.009 0.0
0.0 0.01 0.0 0.473 0.498 0.0 0.019 0.0
0.0 0.014 0.0 0.482 0.495 0.0 0.009 0.0
0.0 0.013 0.0 0.479 0.494 0.0 0.014 0.0
0.0 0.008 0.0 0.505 0.472 0.0 0.015 0.0
0.0 0.007 0.0 0.504 0.483 0.0 0.006 0.0
0.0 0.009 0.0 0.489 0.491 0.0 0.011 0.0
0.0 0.01 0.0 0.53 0.456 0.0 0.004 0.0
0.0 0.012 0.0 0.491 0.488 0.0 0.009 0.0
0.0 0.018 0.0 0.464 0.506 0.0 0.012 0.0
0.0 0.008 0.0 0.477 0.497 0.0 0.018 0.0
0.0 0.01 0.0 0.506 0.476 0.0 0.008 0.0
0.0 0.009 0.0 0.475 0.502 0.0 0.014 0.0
0.0 0.008 0.0 0.459 0.52 0.0 0.013 0.0
0.0 0.007 0.0 0.518 0.467 0.0 0.008 0.0
0.0 0.015 0.0 0.48 0.493 0.0 0.012 0.0
0.0 0.01 0.0 0.483 0.495 0.0 0.012 0.0
0.0 0.007 0.0 0.49 0.496 0.0 0.007 0.0
0.0 0.005 0.0 0.485 0.499 0.0 0.011 0.0
0.0 0.015 0.0 0.492 0.487 0.0 0.006 0.0
0.0 0.013 0.0 0.516 0.466 0.0 0.005 0.0
0.0 0.011 0.0 0.468 0.511 0.0 0.01 0.0
0.0 0.01 0.0 0.487 0.493 0.0 0.01 0.0
0.0 0.004 0.0 0.495 0.489 0.0 0.012 0.0
