0.0 0.068 0.0 0.4 0.469 0.0 0.063 0.0
0.0 0.062 0.0 0.435 0.437 0.0 0.066 0.0
0.0 0.061 0.0 0.426 0.437 0.0 0.076 0.0
0.0 0.067 0.0 0.477 0.404 0.0 0.052 0.0
0.0 0.062 0.0 0.435 0.444 0.0 0.059 0.0
0.0 0.057 0.0 0.453 0.407 0.0 0.083 0.0
0.0 0.07 0.0 0.426 0.436 0.0 0.068 0.0
0.0 0.077 0.0 0.431 0.421 0.0 0.071 0.0
0.0 0.079 0.0 0.399 0.461 0.0 0.061 0.0
0.0 0.065 0.0 0.446 0.437 0.0 0.052 0.0
0.0 0.062 0.0 0.44 0.442 0.0 0.056 0.0
0.0 0.055 0.0 0.441 0.459 0.0 0.045 0.0
0.0 0.059 0.0 0.432 0.438 0.0 0.071 0.0
0.0 0.078 0.0 0.42 0.455 0.0 0.047 0.0
0.0 0.052 0.0 0.433 0.459 0.0 0.056 0.0
0.0 0.067 0.0 0.436 0.431 0.0 0.066 0.0
0.0 0.061 0.0 0.421 0.446 0.0 0.072 0.0
0.0 0.043 0.0 0.452 0.455 0.0 0.05 0.0
0.0 0.044 0.0 0.422 0.479 0.0 0.055 0.0
0.0 0.072 0.0 0.448 0.417 0.0 0.063 0.0
0.0 0.057 0.0 0.46 0.42 0.0 0.063 0.0
0.0 0.059 0.0 0.431 0.457 0.0 0.053 0.0
0.0 0.062 0.0 0.428 0.439 0.0 0.071 0.0
0.0 0.047 0.0 0.448 0.447 0.0 0.058 0.0
0.0 0.058 0.0 0.41 0.473 0.0 0.059 0.0
0.0 0.045 0.0 0.423 0.469 0.0 0.063 0.0
0.0 0.062 0.0 0.481 0.4 0.0 0.057 0.0
0.0 0.072 0.0 0.466 0.413 0.0 0.049 0.0
0.0 0.051 0.0 0.473 0.437 0.0 0.039 0.0
0.0 0.071 0.0 0.45 0.439 0.0 0.04 0.0
0.0 0.049 0.0 0.465 0.44 0.0 0.046 0.0
0.0 0.054 0.0 0.439 0.445 0.0 0.062 0.0
0.0 0.049 0.0 0.465 0.438 0.0 0.048 0.0
0.0 0.05 0.0 0.471 0.434 0.0 0.045 0.0
0.0 0.047 0.0 0.433 0.474 0.0 0.046 0.0
0.0 0.042 0.0 0.493 0.422 0.0 0.043 0.0
0.0 0.056 0.0 0.443 0.451 0.0 0.05 0.0
0.0 0.042 0.0 0.435 0.469 0.0 0.054 0.0
0.0 0.05 0.0 0.436 0.463 0.0 0.051 0.0
0.0 0.053 0.0 0.446 0.464 0.0 0.037 0.0
0.0 0.054 0.0 0.46 0.444 0.0 0.042 0.0
0.0 0.048 0.0 0.476 0.431 0.0 0.045 0.0
0.0 0.051 0.0 0.449 0.436 0.0 0.064 0.0
0.0 0.045 0.0 0.464 0.448 0.0 0.043 0.0
0.0 0.045 0.0 0.459 0.455 0.0 0.041 0.0
0.0 0.058 0.0 0.445 0.453 0.0 0.044 0.0
0.0 0.04 0.0 0.425 0.476 0.0 0.059 0.0
0.0 0.044 0.0 0.454 0.454 0.0 0.048 0.0
0.0 0.039 0.0 0.458 0.447 0.0 0.056 0.0
0.0 0.052 0.0 0.433 0.466 0.0 0.049 0.0
0.0 0.038 0.0 0.483 0.429 0.0 0.05 0.0
0.0 0.035 0.0 0.486 0.435 0.0 0.044 0.0
0.0 0.04 0.0 0.477 0.448 0.0 0.035 0.0
0.0 0.032 0.0 0.474 0.453 0.0 0.041 0.0
0.0 0.047 0.0 0.48 0.43 0.0 0.043 0.0
0.0 0.053 0.0 0.442 0.464 0.0 0.041 0.0
0.0 0.049 0.0 0.465 0.453 0.0 0.033 0.0
0.0 0.054 0.0 0.451 0.459 0.0 0.036 0.0
0.0 0.036 0.0 0.483 0.444 0.0 0.037 0.0
0.0 0.037 0.0 0.468 0.45 0.0 0.045 0.0
0.0 0.049 0.0 0.442 0.47 0.0 0.039 0.0
0.0 0.038 0.0 0.464 0.469 0.0 0.029 0.0
0.0 0.046 0.0 0.433 0.468 0.0 0.053 0.0
0.0 0.028 0.0 0.459 0.468 0.0 0.045 0.0
0.0 0.05 0.0 0.432 0.481 0.0 0.037 0.0
0.0 0.039 0.0 0.48 0.438 0.0 0.043 0.0
0.0 0.035 0.0 0.474 0.447 0.0 0.044 0.0
0.0 0.035 0.0 0.454 0.477 0.0 0.034 0.0
0.0 0.035 0.0 0.435 0.486 0.0 0.044 0.0
0.0 0.049 0.0 0.437 0.479 0.0 0.035 0.0
0.0 0.041 0.0 0.479 0.442 0.0 0.038 0.0
0.0 0.03 0.0 0.469 0.463 0.0 0.038 0.0
0.0 0.038 0.0 0.473 0.464 0.0 0.025 0.0
0.0 0.029 0.0 0.444 0.495 0.0 0.032 0.0
0.0 0.024 0.0 0.481 0.459 0.0 0.036 0.0
0.0 0.048 0.0 0.469 0.453 0.0 0.03 0.0
0.0 0.035 0.0 0.458 0.482 0.0 0.025 0.0
0.0 0.026 0.0 0.45 0.494 0.0 0.03 0.0
0.0 0.027 0.0 0.476 0.469 0.0 0.028 0.0
0.0 0.031 0.0 0.471 0.475 0.0 0.023 0.0
0.0 0.028 0.0 0.451 0.489 0.0 0.032 0.0
0.0 0.037 0.0 0.452 0.481 0.0 0.03 0.0
0.0 0.041 0.0 0.477 0.45 0.0 0.032 0.0
0.0 0.026 0.0 0.453 0.489 0.0 0.032 0.0
0.0 0.02 0.0 0.466 0.489 0.0 0.025 0.0
0.0 0.036 0.0 0.458 0.471 0.0 0.035 0.0
0.0 0.029 0.0 0.451 0.485 0.0 0.035 0.0
0.0 0.028 0.0 0.452 0.489 0.0 0.031 0.0
0.0 0.029 0.0 0.465 0.478 0.0 0.028 0.0
0.0 0.021 0.0 0.469 0.482 0.0 0.028 0.0
0.0 0.022 0.0 0.464 0.483 0.0 0.031 0.0
0.0 0.025 0.0 0.474 0.46 0.0 0.041 0.0
0.0 0.029 0.0 0.485 0.457 0.0 0.029 0.0
0.0 0.034 0.0 0.448 0.493 0.0 0.025 0.0
0.0 0.025 0.0 0.454 0.495 0.0 0.026 0.0
0.0 0.022 0.0 0.461 0.487 0.0 0.03 0.0
0.0 0.025 0.0 0.514 0.433 0.0 0.028 0.0
0.0 0.021 0.0 0.48 0.47 0.0 0.029 0.0
0.0 0.033 0.0 0.47 0.477 0.0 0.02 0.0
0.0 0.026 0.0 0.493 0.46 0.0 0.021 0.0
0.0 0.02 0.0 0.474 0.497 0.0 0.009 0.0
0.0 0.026 0.0 0.48 0.471 0.0 0.023 0.0
0.0 0.027 0.0 0.481 0.462 0.0 0.03 0.0
0.0 0.018 0.0 0.495 0.462 0.0 0.025 0.0
0.0 0.022 0.0 0.446 0.498 0.0 0.034 0.0
0.0 0.029 0.0 0.479 0.469 0.0 0.023 0.0
0.0 0.03 0.0 0.477 0.459 0.0 0.034 0.0
0.0 0.022 0.0 0.473 0.482 0.0 0.023 0.0
0.0 0.021 0.0 0.478 0.478 0.0 0.023 0.0
0.0 0.028 0.0 0.488 0.461 0.0 0.023 0.0
0.0 0.03 0.0 0.48 0.468 0.0 0.022 0.0
0.0 0.032 0.0 0.452 0.491 0.0 0.025 0.0
0.0 0.012 0.0 0.481 0.489 0.0 0.018 0.0
0.0 0.021 0.0 0.464 0.501 0.0 0.014 0.0
0.0 0.022 0.0 0.505 0.463 0.0 0.01 0.0
0.0 0.027 0.0 0.462 0.493 0.0 0.018 0.0
0.0 0.024 0.0 0.474 0.485 0.0 0.017 0.0
0.0 0.02 0.0 0.483 0.478 0.0 0.019 0.0
0.0 0.02 0.0 0.485 0.471 0.0 0.024 0.0
0.0 0.019 0.0 0.505 0.461 0.0 0.015 0.0
0.0 0.017 0.0 0.471 0.498 0.0 0.014 0.0
0.0 0.018 0.0 0.49 0.476 0.0 0.016 0.0
0.0 0.013 0.0 0.477 0.492 0.0 0.018 0.0
0.0 0.015 0.0 0.487 0.482 0.0 0.016 0.0
0.0 0.018 0.0 0.477 0.488 0.0 0.017 0.0
0.0 0.014 0.0 0.465 0.5 0.0 0.021 0.0
0.0 0.026 0.0 0.46 0.489 0.0 0.025 0.0
0.0 0.026 0.0 0.454 0.503 0.0 0.017 0.0
0.0 0.019 0.0 0.475 0.478 0.0 0.028 0.0
0.0 0.025 0.0 0.5 0.463 0.0 0.012 0.0
0.0 0.011 0.0 0.501 0.477 0.0 0.011 0.0
0.0 0.019 0.0 0.473 0.499 0.0 0.009 0.0
0.0 0.015 0.0 0.462 0.513 0.0 0.01 0.0
0.0 0.023 0.0 0.475 0.483 0.0 0.019 0.0
0.0 0.019 0.0 0.507 0.45 0.0 0.024 0.0
0.0 0.019 0.0 0.483 0.483 0.0 0.015 0.0
0.0 0.011 0.0 0.498 0.474 0.0 0.017 0.0
0.0 0.013 0.0 0.498 0.475 0.0 0.014 0.0
0.0 0.015 0.0 0.502 0.463 0.0 0.02 0.0
0.0 0.016 0.0 0.472 0.502 0.0 0.01 0.0
0.0 0.017 0.0 0.482 0.491 0.0 0.01 0.0
0.0 0.016 0.0 0.483 0.49 0.0 0.011 0.0
0.0 0.008 0.0 0.483 0.49 0.0 0.019 0.0
0.0 0.016 0.0 0.504 0.467 0.0 0.013 0.0
0.0 0.017 0.0 0.509 0.455 0.0 0.019 0.0
0.0 0.013 0.0 0.488 0.486 0.0 0.013 0.0
0.0 0.009 0.0 0.501 0.475 0.0 0.015 0.0
0.0 0.007 0.0 0.511 0.469 0.0 0.013 0.0
0.0 0.013 0.0 0.499 0.469 0.0 0.019 0.0
0.0 0.015 0.0 0.482 0.487 0.0 0.016 0.0
0.0 0.011 0.0 0.489 0.486 0.0 0.014 0.0
0.0 0.012 0.0 0.469 0.502 0.0 0.017 0.0
0.0 0.01 0.0 0.486 0.487 0.0 0.017 0.0
0.0 0.017 0.0 0.496 0.477 0.0 0.01 0.0
0.0 0.019 0.0 0.465 0.501 0.0 0.015 0.0
0.0 0.02 0.0 0.483 0.482 0.0 0.015 0.0
0.0 0.012 0.0 0.491 0.482 0.0 0.015 0.0
0.0 0.016 0.0 0.498 0.468 0.0 0.018 0.0
0.0 0.006 0.0 0.498 0.483 0.0 0.013 0.0
0.0 0.007 0.0 0.476 0.504 0.0 0.013 0.0
0.0 0.009 0.0 0.504 0.475 0.0 0.012 0.0
0.0 0.019 0.0 0.499 0.474 0.0 0.008 0.0
0.0 0.013 0.0 0.488 0.478 0.0 0.021 0.0
0.0 0.012 0.0 0.496 0.487 0.0 0.005 0.0
0.0 0.009 0.0 0.492 0.487 0.0 0.012 0.0
0.0 0.009 0.0 0.504 0.476 0.0 0.011 0.0
0.0 0.009 0.0 0.486 0.501 0.0 0.004 0.0
0.0 0.01 0.0 0.497 0.486 0.0 0.007 0.0
0.0 0.008 0.0 0.526 0.455 0.0 0.011 0.0
0.0 0.012 0.0 0.486 0.496 0.0 0.006 0.0
0.0 0.018 0.0 0.485 0.484 0.0 0.013 0.0
0.0 0.011 0.0 0.471 0.508 0.0 0.01 0.0
0.0 0.012 0.0 0.483 0.498 0.0 0.007 0.0
0.0 0.012 0.0 0.505 0.471 0.0 0.012 0.0
0.0 0.004 0.0 0.501 0.487 0.0 0.008 0.0
0.0 0.01 0.0 0.48 0.499 0.0 0.011 0.0
0.0 0.006 0.0 0.495 0.487 0.0 0.012 0.0
0.0 0.009 0.0 0.495 0.485 0.0 0.011 0.0
0.0 0.005 0.0 0.497 0.49 0.0 0.008 0.0
0.0 0.014 0.0 0.469 0.509 0.0 0.008 0.0
0.0 0.012 0.0 0.459 0.521 0.0 0.008 0.0
0.0 0.006 0.0 0.502 0.483 0.0 0.009 0.0
0.0 0.007 0.0 0.486 0.5 0.0 0.007 0.0
0.0 0.006 0.0 0.483 0.501 0.0 0.01 0.0
0.0 0.004 0.0 0.476 0.511 0.0 0.009 0.0
0.0 0.007 0.0 0.511 0.476 0.0 0.006 0.0
0.0 0.005 0.0 0.475 0.509 0.0 0.011 0.0
0.0 0.01 0.0 0.498 0.489 0.0 0.003 0.0
0.0 0.005 0.0 0.5 0.487 0.0 0.008 0.0
0.0 0.004 0.0 0.538 0.453 0.0 0.005 0.0
0.0 0.006 0.0 0.515 0.471 0.0 0.008 0.0
0.0 0.003 0.0 0.5 0.483 0.0 0.014 0.0
0.0 0.008 0.0 0.511 0.478 0.0 0.003 0.0
0.0 0.006 0.0 0.505 0.482 0.0 0.007 0.0
0.0 0.007 0.0 0.481 0.505 0.0 0.007 0.0
0.0 0.007 0.0 0.496 0.49 0.0 0.007 0.0
0.0 0.006 0.0 0.497 0.491 0.0 0.006 0.0
0.0 0.006 0.0 0.504 0.486 0.0 0.004 0.0
0.0 0.007 0.0 0.512 0.476 0.0 0.005 0.0
0.0 0.006 0.0 0.483 0.503 0.0 0.008 0.0
