0.0 0.0 0.0 0.475 0.525 0.0 0.0 0.0
0.0 0.001 0.0 0.491 0.508 0.0 0.0 0.0
0.0 0.0 0.0 0.485 0.515 0.0 0.0 0.0
0.0 0.001 0.0 0.473 0.524 0.0 0.002 0.0
0.0 0.0 0.0 0.506 0.494 0.0 0.0 0.0
0.0 0.0 0.0 0.515 0.485 0.0 0.0 0.0
0.0 0.0 0.0 0.502 0.498 0.0 0.0 0.0
0.0 0.001 0.0 0.502 0.496 0.0 0.001 0.0
0.0 0.0 0.0 0.521 0.477 0.0 0.002 0.0
0.0 0.0 0.0 0.495 0.503 0.0 0.002 0.0
0.0 0.001 0.0 0.482 0.516 0.0 0.001 0.0
0.0 0.003 0.0 0.521 0.474 0.0 0.002 0.0
0.0 0.002 0.0 0.489 0.506 0.0 0.003 0.0
0.0 0.004 0.0 0.526 0.468 0.0 0.002 0.0
0.0 0.001 0.0 0.453 0.545 0.0 0.001 0.0
0.0 0.004 0.0 0.471 0.525 0.0 0.0 0.0
0.0 0.002 0.0 0.5 0.497 0.0 0.001 0.0
0.0 0.001 0.0 0.508 0.49 0.0 0.001 0.0
0.0 0.003 0.0 0.469 0.526 0.0 0.002 0.0
0.0 0.003 0.0 0.517 0.479 0.0 0.001 0.0
0.0 0.004 0.0 0.488 0.504 0.0 0.004 0.0
0.0 0.004 0.0 0.479 0.512 0.0 0.005 0.0
0.0 0.006 0.0 0.501 0.492 0.0 0.001 0.0
0.0 0.004 0.0 0.524 0.469 0.0 0.003 0.0
0.0 0.004 0.0 0.546 0.447 0.0 0.003 0.0
0.0 0.006 0.0 0.491 0.5 0.0 0.003 0.0
0.0 0.005 0.0 0.509 0.482 0.0 0.004 0.0
0.0 0.007 0.0 0.501 0.489 0.0 0.003 0.0
0.0 0.002 0.0 0.512 0.482 0.0 0.004 0.0
0.0 0.004 0.0 0.484 0.506 0.0 0.006 0.0
0.0 0.007 0.0 0.512 0.473 0.0 0.008 0.0
0.0 0.01 0.0 0.51 0.475 0.0 0.005 0.0
0.0 0.003 0.0 0.504 0.49 0.0 0.003 0.0
0.0 0.002 0.0 0.495 0.496 0.0 0.007 0.0
0.0 0.01 0.0 0.5 0.48 0.0 0.01 0.0
0.0 0.004 0.0 0.479 0.509 0.0 0.008 0.0
0.0 0.009 0.0 0.478 0.507 0.0 0.006 0.0
0.0 0.003 0.0 0.503 0.488 0.0 0.006 0.0
0.0 0.005 0.0 0.502 0.488 0.0 0.005 0.0
0.0 0.007 0.0 0.475 0.514 0.0 0.004 0.0
0.0 0.01 0.0 0.484 0.501 0.0 0.005 0.0
0.0 0.008 0.0 0.499 0.482 0.0 0.011 0.0
0.0 0.006 0.0 0.512 0.473 0.0 0.009 0.0
0.0 0.006 0.0 0.485 0.502 0.0 0.007 0.0
0.0 0.007 0.0 0.498 0.487 0.0 0.008 0.0
0.0 0.008 0.0 0.497 0.485 0.0 0.01 0.0
0.0 0.009 0.0 0.504 0.476 0.0 0.011 0.0
0.0 0.008 0.0 0.48 0.506 0.0 0.006 0.0
0.0 0.008 0.0 0.494 0.487 0.0 0.011 0.0
0.0 0.011 0.0 0.504 0.479 0.0 0.006 0.0
0.0 0.012 0.0 0.517 0.462 0.0 0.009 0.0
0.0 0.008 0.0 0.495 0.487 0.0 0.01 0.0
0.0 0.007 0.0 0.479 0.506 0.0 0.008 0.0
0.0 0.01 0.0 0.474 0.507 0.0 0.009 0.0
0.0 0.008 0.0 0.483 0.491 0.0 0.018 0.0
0.0 0.012 0.0 0.483 0.493 0.0 0.012 0.0
0.0 0.006 0.0 0.5 0.486 0.0 0.008 0.0
0.0 0.011 0.0 0.475 0.5 0.0 0.014 0.0
0.0 0.012 0.0 0.519 0.452 0.0 0.017 0.0
0.0 0.018 0.0 0.487 0.485 0.0 0.01 0.0
0.0 0.007 0.0 0.491 0.486 0.0 0.016 0.0
0.0 0.01 0.0 0.476 0.504 0.0 0.01 0.0
0.0 0.011 0.0 0.483 0.498 0.0 0.008 0.0
0.0 0.02 0.0 0.484 0.483 0.0 0.013 0.0
0.0 0.015 0.0 0.48 0.495 0.0 0.01 0.0
0.0 0.017 0.0 0.503 0.472 0.0 0.008 0.0
0.0 0.014 0.0 0.499 0.47 0.0 0.017 0.0
0.0 0.009 0.0 0.49 0.49 0.0 0.011 0.0
0.0 0.012 0.0 0.479 0.495 0.0 0.014 0.0
0.0 0.015 0.0 0.514 0.455 0.0 0.016 0.0
0.0 0.016 0.0 0.482 0.488 0.0 0.014 0.0
0.0 0.009 0.0 0.463 0.513 0.0 0.015 0.0
0.0 0.009 0.0 0.486 0.487 0.0 0.018 0.0
0.0 0.008 0.0 0.484 0.488 0.0 0.02 0.0
0.0 0.012 0.0 0.47 0.504 0.0 0.014 0.0
0.0 0.02 0.0 0.475 0.491 0.0 0.014 0.0
0.0 0.013 0.0 0.48 0.488 0.0 0.019 0.0
0.0 0.025 0.0 0.476 0.476 0.0 0.023 0.0
0.0 0.019 0.0 0.476 0.494 0.0 0.011 0.0
0.0 0.02 0.0 0.493 0.469 0.0 0.018 0.0
0.0 0.021 0.0 0.503 0.46 0.0 0.016 0.0
0.0 0.018 0.0 0.482 0.484 0.0 0.016 0.0
0.0 0.023 0.0 0.48 0.485 0.0 0.012 0.0
0.0 0.01 0.0 0.494 0.479 0.0 0.017 0.0
0.0 0.021 0.0 0.493 0.461 0.0 0.025 0.0
0.0 0.025 0.0 0.479 0.477 0.0 0.019 0.0
0.0 0.024 0.0 0.495 0.463 0.0 0.018 0.0
0.0 0.019 0.0 0.473 0.498 0.0 0.01 0.0
0.0 0.019 0.0 0.461 0.506 0.0 0.014 0.0
0.0 0.021 0.0 0.474 0.488 0.0 0.017 0.0
0.0 0.036 0.0 0.466 0.482 0.0 0.016 0.0
0.0 0.014 0.0 0.447 0.514 0.0 0.025 0.0
0.0 0.021 0.0 0.464 0.494 0.0 0.021 0.0
0.0 0.018 0.0 0.468 0.484 0.0 0.03 0.0
0.0 0.026 0.0 0.467 0.472 0.0 0.035 0.0
0.0 0.026 0.0 0.454 0.495 0.0 0.025 0.0
0.0 0.019 0.0 0.476 0.488 0.0 0.017 0.0
0.0 0.011 0.0 0.457 0.508 0.0 0.024 0.0
0.0 0.026 0.0 0.476 0.469 0.0 0.029 0.0
0.0 0.026 0.0 0.467 0.49 0.0 0.017 0.0
0.0 0.028 0.0 0.463 0.478 0.0 0.031 0.0
0.0 0.025 0.0 0.478 0.474 0.0 0.023 0.0
0.0 0.027 0.0 0.478 0.472 0.0 0.023 0.0
0.0 0.022 0.0 0.455 0.501 0.0 0.022 0.0
0.0 0.031 0.0 0.467 0.472 0.0 0.03 0.0
0.0 0.024 0.0 0.477 0.473 0.0 0.026 0.0
0.0 0.033 0.0 0.478 0.463 0.0 0.026 0.0
0.0 0.025 0.0 0.482 0.463 0.0 0.03 0.0
0.0 0.041 0.0 0.433 0.484 0.0 0.042 0.0
0.0 0.039 0.0 0.45 0.467 0.0 0.044 0.0
0.0 0.037 0.0 0.474 0.451 0.0 0.038 0.0
0.0 0.03 0.0 0.463 0.485 0.0 0.022 0.0
0.0 0.036 0.0 0.456 0.468 0.0 0.04 0.0
0.0 0.028 0.0 0.463 0.479 0.0 0.03 0.0
0.0 0.026 0.0 0.485 0.449 0.0 0.04 0.0
0.0 0.032 0.0 0.474 0.452 0.0 0.042 0.0
0.0 0.043 0.0 0.472 0.446 0.0 0.039 0.0
0.0 0.036 0.0 0.449 0.477 0.0 0.038 0.0
0.0 0.038 0.0 0.482 0.44 0.0 0.04 0.0
0.0 0.039 0.0 0.448 0.475 0.0 0.038 0.0
0.0 0.035 0.0 0.456 0.462 0.0 0.047 0.0
0.0 0.032 0.0 0.468 0.465 0.0 0.035 0.0
0.0 0.039 0.0 0.477 0.439 0.0 0.045 0.0
0.0 0.045 0.0 0.429 0.476 0.0 0.05 0.0
0.0 0.031 0.0 0.449 0.475 0.0 0.045 0.0
0.0 0.041 0.0 0.487 0.431 0.0 0.041 0.0
0.0 0.038 0.0 0.431 0.487 0.0 0.044 0.0
0.0 0.041 0.0 0.459 0.459 0.0 0.041 0.0
0.0 0.056 0.0 0.422 0.481 0.0 0.041 0.0
0.0 0.042 0.0 0.444 0.471 0.0 0.043 0.0
0.0 0.047 0.0 0.459 0.439 0.0 0.055 0.0
0.0 0.038 0.0 0.459 0.465 0.0 0.038 0.0
0.0 0.052 0.0 0.455 0.444 0.0 0.049 0.0
0.0 0.05 0.0 0.476 0.435 0.0 0.039 0.0
0.0 0.042 0.0 0.476 0.442 0.0 0.04 0.0
0.0 0.05 0.0 0.415 0.481 0.0 0.054 0.0
0.0 0.051 0.0 0.453 0.452 0.0 0.044 0.0
0.0 0.053 0.0 0.458 0.442 0.0 0.047 0.0
0.0 0.05 0.0 0.473 0.424 0.0 0.053 0.0
0.0 0.043 0.0 0.452 0.457 0.0 0.048 0.0
0.0 0.057 0.0 0.432 0.46 0.0 0.051 0.0
0.0 0.058 0.0 0.432 0.458 0.0 0.052 0.0
0.0 0.06 0.0 0.444 0.452 0.0 0.044 0.0
0.0 0.06 0.0 0.456 0.436 0.0 0.048 0.0
0.0 0.053 0.0 0.492 0.417 0.0 0.038 0.0
0.0 0.066 0.0 0.463 0.402 0.0 0.069 0.0
0.0 0.054 0.0 0.424 0.482 0.0 0.04 0.0
0.0 0.045 0.0 0.439 0.449 0.0 0.067 0.0
0.0 0.055 0.0 0.433 0.445 0.0 0.067 0.0
0.0 0.066 0.0 0.473 0.396 0.0 0.065 0.0
0.0 0.058 0.0 0.442 0.437 0.0 0.063 0.0
0.0 0.061 0.0 0.417 0.467 0.0 0.055 0.0
0.0 0.063 0.0 0.428 0.459 0.0 0.05 0.0
0.0 0.06 0.0 0.44 0.442 0.0 0.058 0.0
0.0 0.061 0.0 0.421 0.449 0.0 0.069 0.0
0.0 0.052 0.0 0.463 0.424 0.0 0.061 0.0
0.0 0.074 0.0 0.417 0.461 0.0 0.048 0.0
0.0 0.065 0.0 0.452 0.436 0.0 0.047 0.0
0.0 0.073 0.0 0.422 0.456 0.0 0.049 0.0
0.0 0.072 0.0 0.46 0.418 0.0 0.05 0.0
0.0 0.062 0.0 0.444 0.429 0.0 0.065 0.0
0.0 0.057 0.0 0.44 0.434 0.0 0.069 0.0
0.0 0.078 0.0 0.436 0.431 0.0 0.055 0.0
0.0 0.067 0.0 0.471 0.399 0.0 0.063 0.0
0.0 0.056 0.0 0.454 0.431 0.0 0.059 0.0
0.0 0.063 0.0 0.436 0.442 0.0 0.059 0.0
0.0 0.064 0.0 0.435 0.438 0.0 0.063 0.0
0.0 0.069 0.0 0.47 0.402 0.0 0.059 0.0
0.0 0.067 0.0 0.453 0.407 0.0 0.073 0.0
0.0 0.056 0.0 0.434 0.44 0.0 0.07 0.0
0.0 0.062 0.0 0.419 0.451 0.0 0.068 0.0
0.0 0.071 0.0 0.457 0.403 0.0 0.069 0.0
0.0 0.061 0.0 0.452 0.429 0.0 0.058 0.0
0.0 0.055 0.0 0.423 0.454 0.0 0.068 0.0
0.0 0.059 0.0 0.433 0.451 0.0 0.057 0.0
0.0 0.061 0.0 0.446 0.428 0.0 0.065 0.0
0.0 0.066 0.0 0.421 0.438 0.0 0.075 0.0
0.0 0.073 0.0 0.405 0.439 0.0 0.083 0.0
0.0 0.075 0.0 0.412 0.453 0.0 0.06 0.0
0.0 0.066 0.0 0.432 0.432 0.0 0.07 0.0
0.0 0.08 0.0 0.396 0.453 0.0 0.071 0.0
0.0 0.076 0.0 0.409 0.427 0.0 0.088 0.0
0.0 0.064 0.0 0.447 0.423 0.0 0.066 0.0
0.0 0.073 0.0 0.426 0.421 0.0 0.08 0.0
0.0 0.071 0.0 0.438 0.426 0.0 0.065 0.0
0.0 0.06 0.0 0.446 0.418 0.0 0.076 0.0
0.0 0.069 0.0 0.45 0.414 0.0 0.067 0.0
0.0 0.069 0.0 0.415 0.453 0.0 0.063 0.0
0.0 0.073 0.0 0.438 0.418 0.0 0.071 0.0
0.0 0.08 0.0 0.435 0.403 0.0 0.082 0.0
0.0 0.071 0.0 0.413 0.443 0.0 0.073 0.0
0.0 0.078 0.0 0.426 0.434 0.0 0.062 0.0
0.0 0.071 0.0 0.432 0.409 0.0 0.088 0.0
0.0 0.067 0.0 0.402 0.449 0.0 0.082 0.0
0.0 0.074 0.0 0.43 0.425 0.0 0.071 0.0
0.0 0.065 0.0 0.435 0.421 0.0 0.079 0.0
0.0 0.07 0.0 0.433 0.43 0.0 0.067 0.0
0.0 0.055 0.0 0.429 0.434 0.0 0.082 0.0
0.0 0.072 0.0 0.452 0.394 0.0 0.082 0.0
0.0 0.064 0.0 0.457 0.418 0.0 0.061 0.0
