0.0 0.025 0.19 0.277 0.319 0.162 0.027 0.0
0.0 0.025 0.0 0.478 0.46 0.0 0.037 0.0
0.0 0.035 0.0 0.475 0.473 0.0 0.017 0.0
0.0 0.038 0.0 0.459 0.477 0.0 0.026 0.0
0.0 0.019 0.0 0.48 0.474 0.0 0.027 0.0
0.0 0.029 0.0 0.457 0.493 0.0 0.021 0.0
0.0 0.028 0.0 0.474 0.472 0.0 0.026 0.0
0.0 0.029 0.0 0.477 0.472 0.0 0.022 0.0
0.0 0.02 0.0 0.481 0.476 0.0 0.023 0.0
0.0 0.024 0.0 0.473 0.474 0.0 0.029 0.0
0.0 0.024 0.0 0.476 0.473 0.0 0.027 0.0
0.0 0.04 0.0 0.448 0.484 0.0 0.028 0.0
0.0 0.03 0.0 0.448 0.5 0.0 0.022 0.0
0.0 0.029 0.0 0.467 0.477 0.0 0.027 0.0
0.0 0.028 0.0 0.479 0.469 0.0 0.024 0.0
0.0 0.015 0.0 0.482 0.474 0.0 0.029 0.0
0.0 0.026 0.0 0.481 0.459 0.0 0.034 0.0
0.0 0.029 0.0 0.467 0.478 0.0 0.026 0.0
0.0 0.029 0.0 0.462 0.485 0.0 0.024 0.0
0.0 0.024 0.0 0.467 0.475 0.0 0.034 0.0
0.0 0.021 0.0 0.439 0.513 0.0 0.027 0.0
0.0 0.032 0.0 0.439 0.504 0.0 0.025 0.0
0.0 0.031 0.0 0.477 0.462 0.0 0.03 0.0
0.0 0.031 0.0 0.461 0.477 0.0 0.031 0.0
0.0 0.028 0.0 0.459 0.486 0.0 0.027 0.0
0.0 0.025 0.0 0.473 0.476 0.0 0.026 0.0
0.0 0.033 0.0 0.466 0.476 0.0 0.025 0.0
0.0 0.025 0.0 0.459 0.484 0.0 0.032 0.0
0.0 0.035 0.0 0.464 0.483 0.0 0.018 0.0
0.0 0.037 0.0 0.471 0.467 0.0 0.025 0.0
0.0 0.028 0.0 0.49 0.448 0.0 0.034 0.0
0.0 0.028 0.0 0.458 0.488 0.0 0.026 0.0
0.0 0.022 0.0 0.478 0.469 0.0 0.031 0.0
0.0 0.036 0.0 0.484 0.46 0.0 0.02 0.0
0.0 0.022 0.0 0.445 0.507 0.0 0.026 0.0
0.0 0.027 0.0 0.502 0.441 0.0 0.03 0.0
0.0 0.026 0.0 0.479 0.473 0.0 0.022 0.0
0.0 0.034 0.0 0.474 0.471 0.0 0.021 0.0
0.0 0.033 0.0 0.474 0.472 0.0 0.021 0.0
0.0 0.023 0.0 0.517 0.436 0.0 0.024 0.0
0.0 0.027 0.0 0.448 0.491 0.0 0.034 0.0
0.0 0.025 0.0 0.497 0.462 0.0 0.016 0.0
0.0 0.031 0.0 0.454 0.48 0.0 0.035 0.0
0.0 0.034 0.0 0.469 0.472 0.0 0.025 0.0
0.0 0.031 0.0 0.507 0.439 0.0 0.023 0.0
0.0 0.021 0.0 0.451 0.502 0.0 0.026 0.0
0.0 0.038 0.0 0.457 0.483 0.0 0.022 0.0
0.0 0.022 0.0 0.48 0.478 0.0 0.02 0.0
0.0 0.024 0.0 0.481 0.468 0.0 0.027 0.0
0.0 0.031 0.0 0.501 0.441 0.0 0.027 0.0
0.0 0.022 0.0 0.469 0.481 0.0 0.028 0.0
0.0 0.02 0.0 0.472 0.479 0.0 0.029 0.0
0.0 0.039 0.0 0.481 0.461 0.0 0.019 0.0
0.0 0.021 0.0 0.488 0.462 0.0 0.029 0.0
0.0 0.026 0.0 0.48 0.468 0.0 0.026 0.0
0.0 0.021 0.0 0.48 0.474 0.0 0.025 0.0
0.0 0.032 0.0 0.498 0.443 0.0 0.027 0.0
0.0 0.018 0.0 0.463 0.492 0.0 0.027 0.0
0.0 0.029 0.0 0.486 0.464 0.0 0.021 0.0
0.0 0.02 0.0 0.477 0.483 0.0 0.02 0.0
0.0 0.025 0.0 0.466 0.478 0.0 0.031 0.0
0.0 0.031 0.0 0.499 0.436 0.0 0.034 0.0
0.0 0.02 0.0 0.495 0.457 0.0 0.028 0.0
0.0 0.021 0.0 0.483 0.474 0.0 0.022 0.0
0.0 0.026 0.0 0.483 0.476 0.0 0.015 0.0
0.0 0.028 0.0 0.49 0.463 0.0 0.019 0.0
0.0 0.026 0.0 0.478 0.474 0.0 0.022 0.0
0.0 0.019 0.0 0.473 0.485 0.0 0.023 0.0
0.0 0.033 0.0 0.487 0.449 0.0 0.031 0.0
0.0 0.032 0.0 0.462 0.479 0.0 0.027 0.0
0.0 0.02 0.0 0.499 0.45 0.0 0.031 0.0
0.0 0.014 0.0 0.468 0.49 0.0 0.028 0.0
0.0 0.02 0.0 0.474 0.478 0.0 0.028 0.0
0.0 0.025 0.0 0.482 0.462 0.0 0.031 0.0
0.0 0.018 0.0 0.487 0.47 0.0 0.025 0.0
0.0 0.027 0.0 0.462 0.486 0.0 0.025 0.0
0.0 0.022 0.0 0.503 0.448 0.0 0.027 0.0
0.0 0.024 0.0 0.505 0.449 0.0 0.022 0.0
0.0 0.038 0.0 0.48 0.45 0.0 0.032 0.0
0.0 0.017 0.0 0.479 0.473 0.0 0.031 0.0
0.0 0.03 0.0 0.478 0.465 0.0 0.027 0.0
0.0 0.019 0.0 0.448 0.498 0.0 0.035 0.0
0.0 0.02 0.0 0.484 0.477 0.0 0.019 0.0
0.0 0.019 0.0 0.496 0.463 0.0 0.022 0.0
0.0 0.032 0.0 0.472 0.462 0.0 0.034 0.0
0.0 0.028 0.0 0.485 0.465 0.0 0.022 0.0
0.0 0.027 0.0 0.462 0.485 0.0 0.026 0.0
0.0 0.031 0.0 0.448 0.501 0.0 0.02 0.0
0.0 0.021 0.0 0.496 0.466 0.0 0.017 0.0
0.0 0.03 0.0 0.476 0.469 0.0 0.025 0.0
0.0 0.024 0.0 0.467 0.481 0.0 0.028 0.0
0.0 0.031 0.0 0.467 0.472 0.0 0.03 0.0
0.0 0.019 0.0 0.462 0.489 0.0 0.03 0.0
0.0 0.02 0.0 0.473 0.479 0.0 0.028 0.0
0.0 0.025 0.0 0.485 0.471 0.0 0.019 0.0
0.0 0.035 0.0 0.446 0.488 0.0 0.031 0.0
0.0 0.03 0.0 0.483 0.458 0.0 0.029 0.0
0.0 0.036 0.0 0.474 0.468 0.0 0.022 0.0
0.0 0.025 0.0 0.449 0.501 0.0 0.025 0.0
0.0 0.027 0.0 0.449 0.483 0.0 0.041 0.0
0.0 0.028 0.0 0.485 0.46 0.0 0.027 0.0
0.0 0.026 0.0 0.479 0.464 0.0 0.031 0.0
0.0 0.026 0.0 0.478 0.468 0.0 0.028 0.0
0.0 0.026 0.0 0.457 0.481 0.0 0.036 0.0
0.0 0.022 0.0 0.467 0.488 0.0 0.023 0.0
0.0 0.033 0.0 0.474 0.467 0.0 0.026 0.0
0.0 0.027 0.0 0.482 0.474 0.0 0.017 0.0
0.0 0.027 0.0 0.471 0.474 0.0 0.028 0.0
0.0 0.028 0.0 0.461 0.489 0.0 0.022 0.0
0.0 0.029 0.0 0.463 0.475 0.0 0.033 0.0
0.0 0.027 0.0 0.479 0.473 0.0 0.021 0.0
0.0 0.028 0.0 0.454 0.496 0.0 0.022 0.0
0.0 0.024 0.0 0.461 0.489 0.0 0.026 0.0
0.0 0.04 0.0 0.481 0.443 0.0 0.036 0.0
0.0 0.019 0.0 0.478 0.478 0.0 0.025 0.0
0.0 0.019 0.0 0.473 0.482 0.0 0.026 0.0
0.0 0.025 0.0 0.49 0.464 0.0 0.021 0.0
0.0 0.027 0.0 0.476 0.467 0.0 0.03 0.0
0.0 0.031 0.0 0.437 0.506 0.0 0.026 0.0
0.0 0.025 0.0 0.46 0.488 0.0 0.027 0.0
0.0 0.029 0.0 0.488 0.464 0.0 0.019 0.0
0.0 0.024 0.0 0.47 0.483 0.0 0.023 0.0
0.0 0.017 0.0 0.48 0.474 0.0 0.029 0.0
0.0 0.032 0.0 0.493 0.442 0.0 0.033 0.0
0.0 0.027 0.0 0.487 0.464 0.0 0.022 0.0
0.0 0.025 0.0 0.469 0.479 0.0 0.027 0.0
0.0 0.026 0.0 0.473 0.481 0.0 0.02 0.0
0.0 0.026 0.0 0.501 0.447 0.0 0.026 0.0
0.0 0.024 0.0 0.468 0.482 0.0 0.026 0.0
0.0 0.032 0.0 0.474 0.467 0.0 0.027 0.0
0.0 0.023 0.0 0.467 0.479 0.0 0.031 0.0
0.0 0.021 0.0 0.474 0.473 0.0 0.032 0.0
0.0 0.022 0.0 0.515 0.442 0.0 0.021 0.0
0.0 0.029 0.0 0.491 0.454 0.0 0.026 0.0
0.0 0.033 0.0 0.49 0.462 0.0 0.015 0.0
0.0 0.021 0.0 0.466 0.482 0.0 0.031 0.0
0.0 0.02 0.0 0.503 0.459 0.0 0.018 0.0
0.0 0.026 0.0 0.491 0.461 0.0 0.022 0.0
0.0 0.018 0.0 0.452 0.505 0.0 0.025 0.0
0.0 0.03 0.0 0.469 0.47 0.0 0.031 0.0
0.0 0.026 0.0 0.487 0.469 0.0 0.018 0.0
0.0 0.023 0.0 0.47 0.487 0.0 0.02 0.0
0.0 0.022 0.0 0.473 0.487 0.0 0.018 0.0
0.0 0.023 0.0 0.503 0.447 0.0 0.027 0.0
0.0 0.02 0.0 0.487 0.467 0.0 0.026 0.0
0.0 0.025 0.0 0.471 0.489 0.0 0.015 0.0
0.0 0.018 0.0 0.492 0.467 0.0 0.023 0.0
0.0 0.022 0.0 0.469 0.486 0.0 0.023 0.0
0.0 0.032 0.0 0.458 0.483 0.0 0.027 0.0
0.0 0.022 0.0 0.47 0.48 0.0 0.028 0.0
0.0 0.04 0.0 0.456 0.486 0.0 0.018 0.0
0.0 0.03 0.0 0.478 0.469 0.0 0.023 0.0
0.0 0.027 0.0 0.462 0.484 0.0 0.027 0.0
0.0 0.026 0.0 0.459 0.491 0.0 0.024 0.0
0.0 0.028 0.0 0.477 0.465 0.0 0.03 0.0
0.0 0.017 0.0 0.463 0.492 0.0 0.028 0.0
0.0 0.026 0.0 0.475 0.474 0.0 0.025 0.0
0.0 0.026 0.0 0.473 0.471 0.0 0.03 0.0
0.0 0.034 0.0 0.464 0.481 0.0 0.021 0.0
0.0 0.036 0.0 0.497 0.443 0.0 0.024 0.0
0.0 0.023 0.0 0.486 0.467 0.0 0.024 0.0
0.0 0.027 0.0 0.482 0.471 0.0 0.02 0.0
0.0 0.025 0.0 0.467 0.48 0.0 0.028 0.0
0.0 0.026 0.0 0.462 0.476 0.0 0.036 0.0
0.0 0.029 0.0 0.444 0.504 0.0 0.023 0.0
0.0 0.025 0.0 0.49 0.461 0.0 0.024 0.0
0.0 0.02 0.0 0.492 0.466 0.0 0.022 0.0
0.0 0.021 0.0 0.493 0.467 0.0 0.019 0.0
0.0 0.024 0.0 0.481 0.476 0.0 0.019 0.0
0.0 0.027 0.0 0.458 0.493 0.0 0.022 0.0
0.0 0.019 0.0 0.474 0.482 0.0 0.025 0.0
0.0 0.02 0.0 0.467 0.491 0.0 0.022 0.0
0.0 0.033 0.0 0.487 0.455 0.0 0.025 0.0
0.0 0.021 0.0 0.461 0.489 0.0 0.029 0.0
0.0 0.03 0.0 0.453 0.494 0.0 0.023 0.0
0.0 0.027 0.0 0.483 0.457 0.0 0.033 0.0
0.0 0.026 0.0 0.492 0.457 0.0 0.025 0.0
0.0 0.023 0.0 0.496 0.458 0.0 0.023 0.0
0.0 0.021 0.0 0.457 0.492 0.0 0.03 0.0
0.0 0.027 0.0 0.465 0.486 0.0 0.022 0.0
0.0 0.024 0.0 0.473 0.48 0.0 0.023 0.0
0.0 0.024 0.0 0.472 0.475 0.0 0.029 0.0
0.0 0.025 0.0 0.479 0.463 0.0 0.033 0.0
0.0 0.028 0.0 0.47 0.482 0.0 0.02 0.0
0.0 0.023 0.0 0.488 0.467 0.0 0.022 0.0
0.0 0.026 0.0 0.457 0.485 0.0 0.032 0.0
0.0 0.028 0.0 0.478 0.473 0.0 0.021 0.0
0.0 0.024 0.0 0.476 0.47 0.0 0.03 0.0
0.0 0.025 0.0 0.492 0.463 0.0 0.02 0.0
0.0 0.029 0.0 0.497 0.448 0.0 0.026 0.0
0.0 0.026 0.0 0.482 0.461 0.0 0.031 0.0
0.0 0.025 0.0 0.488 0.457 0.0 0.03 0.0
0.0 0.024 0.0 0.473 0.471 0.0 0.032 0.0
0.0 0.028 0.0 0.472 0.464 0.0 0.036 0.0
0.0 0.036 0.0 0.443 0.493 0.0 0.028 0.0
0.0 0.021 0.0 0.472 0.478 0.0 0.029 0.0
0.0 0.019 0.0 0.488 0.467 0.0 0.026 0.0
0.0 0.025 0.0 0.439 0.516 0.0 0.02 0.0
0.0 0.018 0.0 0.492 0.46 0.0 0.03 0.0
0.0 0.022 0.0 0.435 0.513 0.0 0.03 0.0
