cur_topo missing1 missing2 missing3 missing4 missing5 missing6 missing7 missing8 missing9 missing10
123 0.072444 0.209394 0.041924 0.053501 0.071172 0.167266 0.225388 0.218420 0.108669 0.235158
123 0.080674 0.216959 0.050390 0.050189 0.063607 0.162063 0.230315 0.209091 0.102734 0.229753
123 0.077099 0.209398 0.041781 0.051112 0.055004 0.162106 0.237938 0.228509 0.100094 0.218572
124 0.192717 0.181305 0.057547 0.114730 0.119914 0.171050 0.251987 0.197390 0.177887 0.161374
124 0.196451 0.184651 0.044542 0.104900 0.107267 0.163739 0.248793 0.182340 0.178440 0.165603
124 0.196970 0.193203 0.033168 0.107399 0.114881 0.155563 0.249267 0.189175 0.174971 0.168329
125 0.200698 0.179381 0.059387 0.108466 0.112038 0.169858 0.264023 0.220680 0.165648 0.145779
125 0.191138 0.171966 0.058393 0.113073 0.114666 0.162636 0.255888 0.191446 0.173844 0.155683
125 0.189178 0.171876 0.061294 0.110934 0.116415 0.165684 0.256017 0.192290 0.171195 0.154048
126 0.122783 0.089340 0.032802 0.097660 0.107987 0.144928 0.222877 0.169801 0.153768 0.146841
126 0.118337 0.076726 0.038264 0.099553 0.115325 0.144513 0.223107 0.166045 0.157922 0.151384
126 0.128889 0.084580 0.034219 0.095627 0.103176 0.144169 0.226513 0.164403 0.161381 0.138977
127 0.145895 0.094101 0.069685 0.088658 0.124794 0.135452 0.324385 0.170567 0.150826 0.313825
127 0.151703 0.100379 0.059382 0.092591 0.118896 0.118754 0.319086 0.174677 0.142464 0.316995
127 0.149181 0.103317 0.068926 0.101175 0.113798 0.116974 0.323893 0.182021 0.144690 0.303956
128 0.134980 0.155634 0.051026 0.100728 0.106424 0.137683 0.309573 0.225510 0.150341 0.217863
128 0.129969 0.154173 0.051271 0.101071 0.110290 0.136341 0.310728 0.225258 0.148150 0.222688
128 0.129842 0.148937 0.043796 0.093711 0.096912 0.136898 0.317826 0.221608 0.148803 0.220939
129 0.174160 0.071301 0.059391 0.097424 0.122353 0.173182 0.160577 0.300954 0.162873 0.193728
129 0.163111 0.069045 0.063844 0.098739 0.127142 0.172674 0.148992 0.293863 0.157596 0.179365
129 0.179889 0.078321 0.065019 0.101779 0.130892 0.172642 0.156839 0.298141 0.145205 0.185821
1210 0.224402 0.105240 0.046573 0.105625 0.070451 0.199073 0.139324 0.247713 0.190342 0.204255
1210 0.232972 0.120318 0.028339 0.108590 0.076614 0.194605 0.130654 0.246471 0.183290 0.198599
1210 0.218836 0.100153 0.046426 0.096773 0.066703 0.194960 0.135079 0.258370 0.183081 0.199360
134 0.081503 0.187243 0.067299 0.123370 0.073566 0.149041 0.250288 0.226725 0.087242 0.228733
134 0.079883 0.181540 0.067692 0.130345 0.074321 0.155826 0.259844 0.229145 0.099193 0.230036
134 0.086367 0.188945 0.069551 0.123974 0.075405 0.162990 0.255451 0.225293 0.096540 0.235522
135 0.073417 0.193348 0.078257 0.130596 0.078862 0.148195 0.246804 0.226631 0.099080 0.235734
135 0.081076 0.185318 0.076159 0.121811 0.075992 0.159876 0.243999 0.229788 0.100218 0.239300
135 0.080438 0.196361 0.075876 0.126964 0.078161 0.155340 0.249776 0.225877 0.099433 0.233906
136 0.094915 0.236578 0.143382 0.124860 0.074013 0.178482 0.245897 0.222328 0.121694 0.216417
136 0.088961 0.240533 0.145231 0.122664 0.063859 0.167507 0.236436 0.214879 0.126836 0.212600
136 0.087143 0.240975 0.153025 0.124183 0.063412 0.167060 0.249121 0.211400 0.128866 0.220336
137 0.088951 0.258136 0.128565 0.160411 0.045767 0.181405 0.331061 0.142604 0.078285 0.356362
137 0.099819 0.265642 0.108779 0.157123 0.050229 0.187513 0.331369 0.129956 0.076324 0.358841
137 0.095321 0.264366 0.122980 0.155677 0.048885 0.181194 0.342324 0.134280 0.077353 0.363087
138 0.082642 0.256067 0.138973 0.164087 0.047514 0.135375 0.304758 0.162596 0.107990 0.403592
138 0.094607 0.245093 0.125339 0.171001 0.060760 0.138040 0.307089 0.160608 0.097383 0.402639
138 0.089287 0.247685 0.135182 0.171667 0.054942 0.141872 0.305001 0.158360 0.098409 0.402588
139 0.105233 0.240758 0.231810 0.161827 0.064209 0.159530 0.171591 0.250472 0.125350 0.257257
139 0.108169 0.228235 0.218928 0.170611 0.070371 0.158319 0.164810 0.237649 0.127857 0.258491
139 0.098178 0.233365 0.214395 0.171250 0.074785 0.166032 0.168156 0.246502 0.120671 0.247958
1310 0.106711 0.224576 0.187160 0.171134 0.085182 0.208163 0.172137 0.289989 0.131351 0.226355
1310 0.104444 0.232831 0.192241 0.169264 0.084718 0.203960 0.168931 0.291249 0.125704 0.232283
1310 0.106025 0.221030 0.189264 0.167151 0.081775 0.200243 0.158187 0.294444 0.139194 0.231366
145 0.170187 0.152348 0.061866 0.218674 0.075082 0.150068 0.233414 0.156655 0.268244 0.152598
145 0.182799 0.150794 0.079840 0.216426 0.087991 0.154235 0.231785 0.149260 0.262518 0.142479
145 0.175033 0.139496 0.081459 0.224299 0.084684 0.137168 0.252406 0.168862 0.258207 0.140240
146 0.157374 0.129010 0.075543 0.092851 0.198053 0.173861 0.240981 0.125779 0.200221 0.093471
146 0.157299 0.138035 0.077584 0.084717 0.194578 0.184516 0.238468 0.124289 0.203068 0.107829
146 0.153312 0.132825 0.084734 0.087281 0.196464 0.171348 0.246298 0.119571 0.212600 0.098225
147 0.234763 0.135874 0.093991 0.133722 0.200231 0.161662 0.360797 0.241587 0.235079 0.173617
147 0.232132 0.148190 0.095348 0.135138 0.208940 0.163151 0.366642 0.240643 0.232486 0.170884
147 0.238478 0.136906 0.103867 0.131306 0.203307 0.177983 0.370127 0.240273 0.241144 0.175195
148 0.222617 0.131955 0.092719 0.169946 0.167343 0.192471 0.366057 0.223977 0.264405 0.168158
148 0.219704 0.136240 0.090746 0.177893 0.175824 0.189084 0.365959 0.215663 0.258867 0.160388
148 0.233558 0.132532 0.098263 0.173424 0.152984 0.191502 0.368252 0.230894 0.263599 0.161206
149 0.238405 0.115327 0.141237 0.121116 0.236242 0.175814 0.165629 0.245156 0.246574 0.121167
149 0.247903 0.095865 0.138074 0.103562 0.229626 0.190108 0.152698 0.234663 0.243874 0.133704
149 0.238534 0.101308 0.139149 0.109903 0.223997 0.189992 0.173324 0.254056 0.252263 0.127990
1410 0.290019 0.084089 0.138591 0.149232 0.197698 0.240841 0.149365 0.270119 0.287364 0.105612
1410 0.292901 0.093160 0.150704 0.149006 0.204140 0.231051 0.148663 0.264612 0.293030 0.105092
1410 0.294382 0.076163 0.145550 0.151669 0.206075 0.238376 0.148181 0.269503 0.287609 0.105345
156 0.147423 0.143635 0.070394 0.091374 0.199885 0.161966 0.244402 0.123425 0.214064 0.108318
156 0.152711 0.132208 0.076910 0.100039 0.200817 0.154437 0.243514 0.117957 0.208776 0.102758
156 0.159829 0.124250 0.074001 0.089217 0.210294 0.176160 0.237873 0.127925 0.205751 0.108693
157 0.235268 0.140919 0.088388 0.129540 0.206978 0.170405 0.368832 0.241655 0.236144 0.168751
157 0.231112 0.147555 0.078252 0.132642 0.201197 0.165937 0.381531 0.255078 0.244474 0.170320
157 0.228219 0.153539 0.078495 0.130470 0.196409 0.163542 0.369570 0.245368 0.240660 0.176267
158 0.215958 0.129322 0.094957 0.173399 0.175196 0.200914 0.360252 0.226073 0.251992 0.159646
158 0.215938 0.132424 0.095335 0.171959 0.162003 0.189036 0.358856 0.233558 0.255808 0.149149
158 0.212117 0.130914 0.102893 0.171375 0.171307 0.185836 0.372698 0.213077 0.255598 0.157811
159 0.244925 0.107944 0.147751 0.106411 0.232369 0.190714 0.157216 0.244808 0.238762 0.129559
159 0.247510 0.112451 0.138177 0.108975 0.230502 0.182425 0.162223 0.244297 0.248900 0.137079
159 0.237311 0.100329 0.129754 0.113785 0.229726 0.175569 0.161243 0.246964 0.237930 0.124117
1510 0.289620 0.094004 0.143911 0.171081 0.216178 0.221029 0.152470 0.264912 0.285260 0.106697
1510 0.282981 0.084981 0.140942 0.151473 0.201623 0.226886 0.136614 0.260154 0.285795 0.111827
1510 0.297921 0.076042 0.142322 0.163337 0.206797 0.215860 0.145317 0.259127 0.290999 0.114970
167 0.170022 0.215498 0.109492 0.180553 0.093091 0.145064 0.350012 0.236273 0.268656 0.261527
167 0.172923 0.221576 0.108745 0.177869 0.094571 0.150136 0.356377 0.232343 0.273408 0.260543
167 0.189472 0.223787 0.112988 0.184067 0.092004 0.134222 0.341696 0.241127 0.263610 0.257017
168 0.142373 0.231695 0.089602 0.201911 0.099086 0.274759 0.406461 0.185591 0.182634 0.276760
168 0.153730 0.236443 0.095343 0.205686 0.094164 0.266122 0.417600 0.177479 0.178521 0.282555
168 0.156951 0.233426 0.090407 0.205593 0.094097 0.257880 0.422970 0.173260 0.182234 0.286655
169 0.205484 0.113081 0.117680 0.172031 0.107850 0.168627 0.135658 0.222332 0.232532 0.127472
169 0.196459 0.111903 0.110168 0.158698 0.122078 0.177556 0.140936 0.226330 0.223935 0.127621
169 0.200020 0.108781 0.107588 0.168225 0.114212 0.168360 0.141442 0.226289 0.215419 0.124617
1610 0.182538 0.129470 0.123965 0.203510 0.168900 0.323932 0.167118 0.254099 0.200279 0.153624
1610 0.176370 0.128392 0.120780 0.206528 0.167911 0.324058 0.179505 0.260056 0.210713 0.146190
1610 0.181772 0.128439 0.121440 0.213323 0.170899 0.313145 0.177407 0.260619 0.209851 0.151167
178 0.171584 0.157583 0.100556 0.160060 0.116448 0.272666 0.228919 0.143030 0.226931 0.113330
178 0.169366 0.153849 0.097443 0.161480 0.120225 0.259803 0.232547 0.140728 0.210927 0.111659
178 0.164881 0.156861 0.093636 0.160722 0.110599 0.266829 0.234527 0.140556 0.217474 0.120824
179 0.252684 0.230163 0.179113 0.324429 0.201149 0.230795 0.350135 0.256213 0.222596 0.362682
179 0.243260 0.231032 0.176157 0.320446 0.199022 0.230212 0.339295 0.256327 0.230683 0.353872
179 0.244151 0.222218 0.181968 0.333485 0.196482 0.221170 0.362380 0.234575 0.229547 0.360726
1710 0.220835 0.189019 0.169074 0.205681 0.193351 0.277473 0.351876 0.326690 0.170693 0.264187
1710 0.222892 0.187186 0.173113 0.203802 0.192717 0.276808 0.348938 0.329724 0.173147 0.271065
1710 0.221149 0.184914 0.175625 0.206985 0.183639 0.278059 0.353720 0.341249 0.177100 0.271480
189 0.213096 0.185522 0.179666 0.199866 0.181433 0.277594 0.350048 0.337856 0.179231 0.272364
189 0.219490 0.179355 0.168887 0.211605 0.191439 0.280844 0.343027 0.335081 0.167622 0.270819
189 0.206580 0.178875 0.178679 0.212705 0.180027 0.266070 0.343553 0.332593 0.183760 0.265024
1810 0.246358 0.222734 0.180316 0.335463 0.207138 0.225266 0.352696 0.259078 0.214732 0.356114
1810 0.252592 0.217447 0.186746 0.337493 0.199334 0.227213 0.347156 0.262920 0.236353 0.361949
1810 0.248592 0.210127 0.179482 0.335790 0.198531 0.225403 0.352691 0.258880 0.225533 0.362734
1910 0.158350 0.159295 0.097324 0.167361 0.125562 0.256611 0.235032 0.145829 0.221973 0.116860
1910 0.167683 0.167205 0.097524 0.163129 0.118983 0.264340 0.243917 0.142530 0.223552 0.118532
1910 0.167743 0.164708 0.094286 0.165539 0.116137 0.271145 0.235192 0.131376 0.219711 0.117131
234 0.093398 0.237430 0.138837 0.117370 0.066932 0.179698 0.252267 0.223287 0.133121 0.216130
234 0.091881 0.238528 0.145501 0.114252 0.066701 0.174386 0.245871 0.218441 0.124828 0.218438
234 0.101864 0.234189 0.143199 0.132918 0.074687 0.175704 0.248599 0.214964 0.132516 0.227071
235 0.083137 0.240306 0.155781 0.118491 0.059457 0.170011 0.233080 0.215585 0.127188 0.220044
235 0.099026 0.238026 0.151684 0.116380 0.068173 0.192273 0.244449 0.223203 0.117813 0.202646
235 0.094237 0.248636 0.160390 0.111583 0.054435 0.175645 0.243814 0.213392 0.123795 0.217408
236 0.078120 0.185221 0.079855 0.127507 0.076424 0.152669 0.246634 0.208966 0.098714 0.251197
236 0.078394 0.202902 0.081852 0.120964 0.082968 0.162230 0.249526 0.224313 0.098939 0.234027
236 0.072594 0.191921 0.084188 0.124440 0.080541 0.153494 0.254988 0.220421 0.102144 0.238040
237 0.104551 0.203107 0.081712 0.105999 0.082247 0.124428 0.303853 0.164012 0.083549 0.393064
237 0.104590 0.204880 0.075012 0.109110 0.088710 0.132028 0.302434 0.154341 0.094589 0.377941
237 0.091388 0.207359 0.095032 0.110014 0.089591 0.141781 0.299990 0.161587 0.084502 0.386880
238 0.092013 0.240716 0.084757 0.098511 0.092397 0.161734 0.301158 0.155466 0.084406 0.385359
238 0.100738 0.219464 0.089267 0.095686 0.076989 0.166204 0.302095 0.138910 0.086610 0.399181
238 0.106187 0.237894 0.074306 0.103547 0.080631 0.160419 0.303479 0.158848 0.103583 0.386788
239 0.108716 0.194703 0.174410 0.075517 0.107956 0.183306 0.182025 0.314955 0.116261 0.245806
239 0.105245 0.196617 0.164965 0.073619 0.100821 0.184087 0.178807 0.315326 0.116684 0.244919
239 0.116085 0.203583 0.169265 0.073264 0.108709 0.191296 0.170819 0.312315 0.123803 0.247160
2310 0.112682 0.193617 0.224704 0.100382 0.084159 0.190653 0.168143 0.237382 0.131609 0.267310
2310 0.116022 0.194294 0.208891 0.092406 0.076289 0.197443 0.166806 0.232527 0.140275 0.254413
2310 0.113050 0.199249 0.214697 0.102522 0.077431 0.186358 0.174455 0.232868 0.126167 0.260914
245 0.157873 0.132726 0.078331 0.091820 0.207155 0.169487 0.238603 0.117023 0.214853 0.104321
245 0.163562 0.118982 0.087580 0.082388 0.191016 0.185302 0.245885 0.126310 0.210650 0.096139
245 0.164923 0.132554 0.080114 0.093594 0.188837 0.165851 0.244920 0.130507 0.211915 0.101739
246 0.172818 0.150829 0.073424 0.211036 0.077814 0.144594 0.236990 0.155967 0.262730 0.142256
246 0.180392 0.141191 0.078714 0.219418 0.106190 0.162443 0.243623 0.158133 0.253323 0.137506
246 0.185465 0.144128 0.067965 0.209492 0.089126 0.151098 0.243448 0.161231 0.264027 0.139130
247 0.178942 0.227733 0.110818 0.175204 0.088509 0.148705 0.346535 0.239167 0.273901 0.260153
247 0.172723 0.222545 0.111884 0.175420 0.082383 0.152001 0.349532 0.246107 0.279713 0.270621
247 0.170423 0.223907 0.115051 0.178720 0.101218 0.142657 0.350409 0.237757 0.272619 0.256892
248 0.147335 0.240287 0.084894 0.202105 0.097025 0.266646 0.414491 0.182676 0.192773 0.285081
248 0.149297 0.238096 0.088154 0.208552 0.111939 0.266605 0.405470 0.190899 0.179351 0.281367
248 0.146417 0.232630 0.092033 0.203436 0.104279 0.270984 0.413650 0.175477 0.174846 0.280364
249 0.192371 0.116142 0.106444 0.170841 0.109693 0.174857 0.139945 0.223340 0.221153 0.119860
249 0.195777 0.112837 0.110824 0.171147 0.114062 0.162146 0.142692 0.227948 0.224748 0.131064
249 0.210942 0.108476 0.111006 0.172187 0.119690 0.168961 0.138850 0.217583 0.213491 0.127311
2410 0.182076 0.126213 0.134622 0.215426 0.164101 0.320496 0.179876 0.252664 0.195316 0.148735
2410 0.166468 0.136224 0.122251 0.197648 0.163543 0.325473 0.162017 0.252234 0.208464 0.152869
2410 0.184055 0.131646 0.132928 0.206877 0.166563 0.320429 0.158652 0.248990 0.201973 0.164363
256 0.179067 0.146133 0.075782 0.217579 0.090105 0.149416 0.235198 0.147998 0.259594 0.136801
256 0.179006 0.144599 0.076250 0.216176 0.088713 0.149896 0.249566 0.167494 0.255345 0.135336
256 0.173868 0.156891 0.069185 0.215656 0.094560 0.151689 0.248843 0.159842 0.253192 0.137320
257 0.178010 0.229308 0.113583 0.174699 0.089143 0.149164 0.334690 0.244875 0.268742 0.263744
257 0.180634 0.220235 0.113869 0.184241 0.089688 0.131855 0.343710 0.240612 0.272844 0.269507
257 0.167360 0.230339 0.103693 0.167720 0.081114 0.150021 0.340143 0.238909 0.280833 0.271362
258 0.144046 0.233253 0.087589 0.205429 0.092719 0.267361 0.415285 0.197346 0.184053 0.271559
258 0.146944 0.230143 0.085110 0.200884 0.100634 0.270236 0.414640 0.189810 0.196648 0.280104
258 0.147575 0.234137 0.091966 0.207933 0.093211 0.262190 0.409479 0.191960 0.183171 0.272778
259 0.209009 0.107254 0.110871 0.169143 0.106223 0.170167 0.142304 0.227415 0.229306 0.118820
259 0.204176 0.120048 0.103153 0.172429 0.126979 0.170146 0.143547 0.215580 0.219682 0.126199
259 0.192519 0.116023 0.097705 0.167379 0.115613 0.170633 0.137095 0.232005 0.231545 0.135112
2510 0.173124 0.130387 0.129348 0.213947 0.163314 0.322129 0.174618 0.254544 0.203212 0.152145
2510 0.173398 0.132529 0.127377 0.214797 0.167682 0.312451 0.173600 0.262017 0.206011 0.144732
2510 0.168603 0.134449 0.126970 0.208886 0.172469 0.311962 0.161272 0.253185 0.208913 0.158025
267 0.226299 0.147465 0.088799 0.135502 0.207821 0.167586 0.374477 0.239539 0.239721 0.173340
267 0.219364 0.130223 0.084339 0.147930 0.208009 0.166571 0.367642 0.238182 0.243898 0.179128
267 0.222842 0.149416 0.096018 0.132366 0.206550 0.173714 0.371054 0.240619 0.242045 0.185915
268 0.225049 0.131596 0.088721 0.166619 0.163005 0.204555 0.362273 0.223290 0.256412 0.166884
268 0.215332 0.137759 0.086946 0.165989 0.171550 0.190305 0.371287 0.221244 0.257531 0.161057
268 0.227289 0.125900 0.087110 0.172621 0.163951 0.188222 0.377753 0.218629 0.264542 0.170022
269 0.229372 0.108761 0.135206 0.116476 0.236366 0.184612 0.162594 0.242239 0.241737 0.124574
269 0.236887 0.115258 0.143848 0.120595 0.231112 0.174482 0.160577 0.247404 0.247523 0.127229
269 0.243169 0.113029 0.134960 0.108770 0.233059 0.176376 0.154464 0.241441 0.240633 0.131549
2610 0.294720 0.073862 0.145134 0.159861 0.199296 0.223929 0.154191 0.263426 0.285952 0.110273
2610 0.297454 0.077379 0.151964 0.152176 0.201668 0.223723 0.149889 0.266959 0.291672 0.103471
2610 0.292060 0.090217 0.143567 0.154223 0.205553 0.228553 0.150566 0.266662 0.290594 0.096481
278 0.197819 0.111057 0.074062 0.166699 0.151374 0.196932 0.261528 0.170560 0.287495 0.115686
278 0.203932 0.093245 0.071069 0.168020 0.145071 0.197353 0.258404 0.159868 0.298215 0.122596
278 0.195334 0.103876 0.065523 0.168904 0.151972 0.191699 0.260868 0.162970 0.303536 0.118863
279 0.424924 0.095434 0.230422 0.095599 0.269592 0.166524 0.406229 0.320692 0.265400 0.179429
279 0.436407 0.092762 0.241376 0.097062 0.255964 0.178285 0.403352 0.316058 0.272742 0.192094
279 0.426316 0.096856 0.232866 0.102187 0.266833 0.179060 0.412729 0.318394 0.264652 0.197897
2710 0.453144 0.145912 0.292348 0.235030 0.275613 0.199404 0.388710 0.270613 0.255302 0.309852
2710 0.469625 0.158021 0.297265 0.230260 0.270497 0.198778 0.390540 0.264672 0.246065 0.312639
2710 0.455164 0.160942 0.285876 0.238336 0.267681 0.208694 0.376044 0.290692 0.247914 0.309286
289 0.463541 0.158479 0.292637 0.243306 0.271926 0.195099 0.373233 0.278585 0.266608 0.302717
289 0.447853 0.155847 0.279240 0.233813 0.285734 0.185982 0.397660 0.268086 0.240262 0.303473
289 0.444567 0.169762 0.280318 0.232482 0.280530 0.192036 0.382043 0.279979 0.253576 0.296373
2810 0.428041 0.093125 0.215536 0.103380 0.270506 0.173701 0.403812 0.321101 0.256756 0.188872
2810 0.431639 0.097244 0.236204 0.098674 0.255278 0.173789 0.404643 0.310790 0.275260 0.182258
2810 0.434767 0.094635 0.231782 0.109363 0.264827 0.180368 0.408935 0.322250 0.273596 0.177386
2910 0.205102 0.104476 0.059073 0.171182 0.144867 0.196280 0.261394 0.156850 0.288647 0.113043
2910 0.204296 0.098238 0.066664 0.175105 0.155007 0.190500 0.264541 0.149510 0.299679 0.118518
2910 0.200767 0.103592 0.065677 0.157541 0.150873 0.198507 0.260777 0.159376 0.299413 0.126112
345 0.077655 0.198110 0.055561 0.160036 0.071141 0.124600 0.222788 0.244151 0.089059 0.239332
345 0.079938 0.206850 0.049241 0.161322 0.079141 0.125540 0.226727 0.238450 0.082451 0.239358
345 0.080065 0.210694 0.057858 0.160456 0.072712 0.120531 0.224805 0.235014 0.074952 0.236264
346 0.082434 0.214508 0.046181 0.051112 0.067860 0.153449 0.232649 0.220990 0.115469 0.227434
346 0.072303 0.219583 0.043617 0.047992 0.062197 0.152258 0.235826 0.218147 0.101754 0.224731
346 0.073912 0.213514 0.044360 0.041487 0.062423 0.152874 0.231254 0.216173 0.104521 0.228404
347 0.091226 0.233684 0.057547 0.071000 0.078959 0.130719 0.292380 0.160193 0.093270 0.345426
347 0.082145 0.233834 0.049925 0.085098 0.074386 0.135128 0.294924 0.145170 0.094974 0.349516
347 0.090137 0.216040 0.061481 0.075800 0.066290 0.134547 0.285736 0.159189 0.099748 0.353827
348 0.075656 0.184717 0.059317 0.088436 0.062264 0.121693 0.289609 0.133194 0.104343 0.405242
348 0.065401 0.184694 0.067969 0.086101 0.066061 0.128316 0.303611 0.136541 0.108391 0.407307
348 0.086776 0.197035 0.052276 0.082839 0.076163 0.122696 0.299121 0.129846 0.102319 0.394023
349 0.095922 0.176501 0.089775 0.053803 0.076883 0.171294 0.141889 0.233261 0.112813 0.259232
349 0.101087 0.183725 0.093537 0.040119 0.080704 0.175393 0.140757 0.240074 0.106063 0.265268
349 0.106048 0.187141 0.087914 0.055197 0.092185 0.164564 0.134732 0.244991 0.120746 0.256034
3410 0.084211 0.190315 0.117013 0.069958 0.074416 0.153290 0.175677 0.255167 0.114112 0.249276
3410 0.091223 0.189731 0.122942 0.076174 0.075592 0.163701 0.163781 0.252962 0.112454 0.253630
3410 0.086670 0.200840 0.123377 0.067898 0.082801 0.158111 0.162224 0.240196 0.107837 0.257742
356 0.080478 0.214760 0.051172 0.033439 0.064635 0.153732 0.227095 0.223736 0.101316 0.228625
356 0.079530 0.228000 0.047927 0.046759 0.064874 0.143518 0.230284 0.211902 0.114822 0.228589
356 0.075886 0.210424 0.043144 0.046078 0.069142 0.154364 0.219889 0.207406 0.111574 0.234476
357 0.077720 0.230109 0.057750 0.065440 0.067557 0.127288 0.294384 0.149304 0.101286 0.351425
357 0.087643 0.231515 0.057985 0.074807 0.072382 0.125285 0.297181 0.137906 0.094885 0.344927
357 0.080071 0.220625 0.050943 0.084000 0.058368 0.134868 0.302474 0.139276 0.102416 0.355395
358 0.074117 0.194136 0.054006 0.092802 0.073884 0.112861 0.300326 0.135800 0.106596 0.396738
358 0.077368 0.195368 0.059558 0.080381 0.063575 0.124750 0.294859 0.141592 0.104116 0.397949
358 0.061911 0.186272 0.065230 0.085324 0.063892 0.122387 0.300345 0.138645 0.108419 0.408091
359 0.102817 0.175704 0.082911 0.041404 0.082365 0.170100 0.144262 0.230085 0.113510 0.253378
359 0.092902 0.176323 0.084234 0.033861 0.087222 0.180478 0.140653 0.232942 0.111794 0.263202
359 0.088410 0.180233 0.093902 0.049467 0.071964 0.170170 0.144421 0.246371 0.115238 0.263177
3510 0.096422 0.193814 0.125655 0.070836 0.078616 0.157194 0.165018 0.246424 0.119738 0.252241
3510 0.090652 0.191058 0.118056 0.062268 0.084778 0.161515 0.167785 0.251505 0.118320 0.253720
3510 0.096053 0.193614 0.123606 0.062404 0.077296 0.159435 0.168531 0.251306 0.123677 0.248160
367 0.085276 0.241843 0.066192 0.132733 0.067748 0.095093 0.279234 0.133445 0.066339 0.412566
367 0.096331 0.241830 0.053329 0.135468 0.063221 0.101173 0.277041 0.144764 0.078358 0.408154
367 0.083920 0.245126 0.052179 0.145873 0.073810 0.100817 0.281380 0.135493 0.068034 0.407760
368 0.087186 0.260781 0.040320 0.133409 0.074018 0.140487 0.295416 0.152723 0.070711 0.354627
368 0.085774 0.268784 0.032659 0.135416 0.071914 0.133557 0.283714 0.154538 0.066095 0.349486
368 0.084970 0.266081 0.022023 0.131520 0.078354 0.133237 0.296921 0.170673 0.085493 0.354619
369 0.107876 0.232041 0.124324 0.140614 0.093566 0.142160 0.160375 0.238183 0.091525 0.259389
369 0.109999 0.230219 0.129604 0.132358 0.091253 0.140027 0.168220 0.240795 0.080350 0.255818
369 0.101654 0.227407 0.121426 0.136099 0.088648 0.138085 0.167952 0.243228 0.083324 0.247982
3610 0.111393 0.226214 0.081696 0.146401 0.087930 0.150198 0.157775 0.278019 0.085849 0.257479
3610 0.090922 0.234045 0.080045 0.154852 0.090948 0.153859 0.150413 0.272220 0.095953 0.258906
3610 0.096413 0.229031 0.091745 0.158785 0.087794 0.152970 0.140398 0.265039 0.086102 0.271456
378 0.084279 0.254825 0.048922 0.098108 0.071689 0.145865 0.230022 0.228860 0.070878 0.229836
378 0.085650 0.253877 0.036558 0.111317 0.072358 0.150446 0.228273 0.224173 0.074121 0.234822
378 0.086077 0.245205 0.030196 0.099414 0.074589 0.161113 0.234283 0.229628 0.081629 0.237642
379 0.091937 0.267053 0.139993 0.160221 0.089057 0.153801 0.288245 0.216968 0.068232 0.372627
379 0.088056 0.270895 0.134462 0.149621 0.089891 0.167136 0.283829 0.229536 0.076641 0.364735
379 0.090235 0.274075 0.133719 0.149678 0.087273 0.153878 0.277589 0.225316 0.076358 0.359509
3710 0.128190 0.256643 0.112576 0.145934 0.088335 0.104494 0.268964 0.172169 0.087010 0.434328
3710 0.131027 0.246045 0.116525 0.149284 0.101088 0.115888 0.277072 0.181688 0.079609 0.430458
3710 0.127173 0.255207 0.109575 0.160178 0.099802 0.115132 0.276621 0.180923 0.093792 0.436229
389 0.115525 0.228101 0.110935 0.161023 0.109946 0.119509 0.272931 0.173199 0.092700 0.419149
389 0.115486 0.250443 0.112291 0.148192 0.102172 0.112599 0.272412 0.170080 0.083098 0.438007
389 0.122920 0.255313 0.102707 0.149044 0.094240 0.117836 0.280855 0.177634 0.082643 0.426022
3810 0.092936 0.264009 0.126844 0.155776 0.091181 0.148756 0.285504 0.224693 0.079738 0.363333
3810 0.097603 0.268195 0.132954 0.148316 0.087459 0.155732 0.274427 0.231146 0.082358 0.366251
3810 0.097411 0.275399 0.137769 0.149543 0.080132 0.154156 0.277188 0.229573 0.075741 0.368293
3910 0.074776 0.248756 0.048245 0.113411 0.075756 0.147152 0.223971 0.221911 0.077683 0.235329
3910 0.084580 0.249815 0.041718 0.100102 0.073260 0.149775 0.232043 0.222778 0.074202 0.233401
3910 0.097375 0.253332 0.041404 0.097803 0.065547 0.155294 0.234071 0.231648 0.073786 0.225786
456 0.187908 0.177644 0.044835 0.109367 0.110039 0.163375 0.251002 0.184871 0.189657 0.165430
456 0.190206 0.194228 0.048317 0.099903 0.100818 0.160057 0.252006 0.190276 0.187058 0.161122
456 0.202112 0.181469 0.045734 0.104647 0.103679 0.174093 0.244630 0.204460 0.168699 0.153437
457 0.211205 0.178767 0.044103 0.149194 0.128431 0.154318 0.326256 0.196375 0.171123 0.165187
457 0.198894 0.165319 0.046702 0.156277 0.138207 0.141737 0.320970 0.195289 0.162596 0.155255
457 0.210566 0.171723 0.043515 0.148445 0.136418 0.144696 0.333704 0.190464 0.162303 0.155204
458 0.214031 0.176841 0.099549 0.157863 0.136521 0.111323 0.320162 0.212172 0.139343 0.278082
458 0.207240 0.176523 0.093072 0.147057 0.137464 0.109337 0.320421 0.207325 0.133743 0.269617
458 0.206761 0.174096 0.102104 0.154523 0.136156 0.116259 0.335978 0.207840 0.140855 0.265029
459 0.284346 0.130689 0.073598 0.122168 0.145816 0.168175 0.138453 0.258981 0.210769 0.168775
459 0.280461 0.124811 0.067704 0.120404 0.144263 0.184569 0.144010 0.254445 0.203198 0.172270
459 0.281350 0.129909 0.075963 0.122783 0.148219 0.183796 0.145707 0.264025 0.201985 0.171884
4510 0.267253 0.157909 0.124666 0.154500 0.174750 0.136832 0.157150 0.268462 0.224141 0.172671
4510 0.257352 0.153021 0.119096 0.146084 0.178353 0.150618 0.159561 0.281986 0.220042 0.162664
4510 0.257125 0.149559 0.127721 0.153396 0.186415 0.144220 0.149852 0.273114 0.221517 0.177758
467 0.140642 0.092367 0.070925 0.079366 0.113720 0.135089 0.325561 0.180302 0.146178 0.316362
467 0.149261 0.094146 0.062536 0.087771 0.118697 0.123523 0.320059 0.173389 0.147049 0.320504
467 0.150976 0.105503 0.067378 0.103191 0.123845 0.122640 0.321293 0.173942 0.145373 0.318173
468 0.123672 0.150026 0.054798 0.107146 0.098595 0.121397 0.318751 0.204896 0.158720 0.206932
468 0.133229 0.147649 0.060484 0.100603 0.100264 0.136129 0.321483 0.219488 0.153726 0.222477
468 0.134371 0.158906 0.046979 0.109201 0.112147 0.136762 0.313784 0.230900 0.142112 0.219025
469 0.169677 0.072020 0.062976 0.111953 0.132295 0.175598 0.154258 0.295306 0.158643 0.198887
469 0.154070 0.073624 0.055962 0.099640 0.118594 0.157520 0.152627 0.286338 0.165751 0.187420
469 0.172405 0.071900 0.052253 0.110701 0.137656 0.175295 0.154139 0.293260 0.143228 0.188939
4610 0.242422 0.116453 0.036313 0.113930 0.077477 0.191131 0.133126 0.254332 0.175100 0.188273
4610 0.215847 0.118674 0.042685 0.102763 0.066697 0.183763 0.114403 0.253733 0.184089 0.185740
4610 0.225585 0.117996 0.048015 0.098773 0.064833 0.197398 0.140303 0.255632 0.188924 0.187646
478 0.161588 0.145933 0.046853 0.074783 0.082702 0.163614 0.251472 0.187876 0.205273 0.171174
478 0.173653 0.151101 0.046826 0.076737 0.086728 0.155994 0.237184 0.176781 0.189661 0.154863
478 0.165062 0.140054 0.049348 0.075593 0.069757 0.169550 0.236275 0.177376 0.182762 0.173106
479 0.217111 0.077614 0.073181 0.137067 0.101864 0.146842 0.281902 0.294223 0.131715 0.299455
479 0.229943 0.084201 0.059867 0.149430 0.115331 0.151811 0.294159 0.283096 0.132905 0.302807
479 0.230845 0.086993 0.066582 0.154256 0.117401 0.139743 0.291348 0.291196 0.131358 0.304855
4710 0.218971 0.109933 0.069926 0.111228 0.125949 0.131726 0.309779 0.242207 0.130418 0.413210
4710 0.217363 0.094553 0.066327 0.104923 0.122578 0.144026 0.307235 0.240735 0.143402 0.417651
4710 0.214074 0.099466 0.073086 0.110256 0.119072 0.138913 0.291666 0.244611 0.141315 0.401570
489 0.216689 0.092885 0.080817 0.103801 0.119716 0.138928 0.304511 0.229381 0.131648 0.405644
489 0.215357 0.104515 0.076300 0.112183 0.118803 0.133105 0.307786 0.239897 0.133565 0.422828
489 0.217212 0.106505 0.070240 0.121457 0.123619 0.126446 0.306615 0.247243 0.139237 0.413585
4810 0.226904 0.069387 0.073883 0.142501 0.114088 0.155725 0.278104 0.292860 0.125328 0.308952
4810 0.241400 0.082289 0.063917 0.135873 0.116576 0.154578 0.280677 0.303139 0.132491 0.313029
4810 0.230025 0.080004 0.058373 0.143391 0.113022 0.156853 0.285986 0.287654 0.136346 0.309590
4910 0.172765 0.146901 0.044627 0.074256 0.085399 0.159911 0.238852 0.179236 0.181671 0.166885
4910 0.161830 0.145043 0.048437 0.075851 0.075246 0.166360 0.247286 0.176904 0.193280 0.163899
4910 0.171922 0.153461 0.038877 0.084564 0.080693 0.159736 0.247986 0.183087 0.189060 0.163151
567 0.154122 0.095638 0.061418 0.089419 0.106108 0.130061 0.333407 0.188276 0.154924 0.305239
567 0.144861 0.077369 0.071841 0.091790 0.106381 0.136205 0.328478 0.166447 0.149364 0.312026
567 0.153601 0.096616 0.075333 0.089249 0.117435 0.135811 0.335273 0.172589 0.151096 0.311330
568 0.132397 0.141981 0.061374 0.106743 0.093124 0.140481 0.310175 0.231194 0.147208 0.217160
568 0.141054 0.153909 0.064065 0.105493 0.119851 0.131396 0.312390 0.217101 0.143816 0.212885
568 0.134745 0.154692 0.064207 0.102196 0.104724 0.132210 0.330176 0.207794 0.146967 0.210928
569 0.170830 0.069208 0.057798 0.099268 0.128194 0.166278 0.152424 0.295312 0.155194 0.184093
569 0.159394 0.080183 0.067150 0.096452 0.122196 0.167481 0.158210 0.304981 0.156882 0.176301
569 0.172288 0.074147 0.059767 0.100070 0.130989 0.171370 0.148956 0.285904 0.162342 0.205835
5610 0.226899 0.109721 0.047356 0.104786 0.066529 0.185926 0.134706 0.252336 0.181857 0.197360
5610 0.222849 0.116326 0.037728 0.101742 0.076499 0.190971 0.130965 0.251865 0.184681 0.196736
5610 0.227837 0.115199 0.046864 0.103876 0.073267 0.188404 0.130647 0.253180 0.171084 0.193762
578 0.166712 0.144476 0.044945 0.080146 0.090563 0.168160 0.236703 0.181046 0.187686 0.163632
578 0.180070 0.146828 0.046079 0.083074 0.085067 0.165415 0.246808 0.177318 0.189174 0.166210
578 0.168350 0.143292 0.043859 0.061916 0.073022 0.158379 0.248058 0.187102 0.192636 0.168061
579 0.224093 0.069176 0.069755 0.143487 0.113854 0.150891 0.270822 0.298576 0.130975 0.303136
579 0.244916 0.077491 0.048604 0.143534 0.120270 0.157156 0.286859 0.273299 0.125735 0.307852
579 0.227110 0.083338 0.068869 0.146470 0.105916 0.164191 0.278987 0.284085 0.142530 0.301030
5710 0.214664 0.096223 0.072354 0.105871 0.125897 0.138552 0.300548 0.247654 0.132458 0.415186
5710 0.213232 0.095425 0.063352 0.109520 0.125953 0.139027 0.310583 0.244389 0.140511 0.413379
5710 0.211716 0.096690 0.067516 0.103062 0.131368 0.144768 0.305029 0.231332 0.131872 0.417109
589 0.219756 0.089512 0.065478 0.108360 0.121823 0.142815 0.306766 0.234970 0.121285 0.402716
589 0.215140 0.099840 0.075044 0.110312 0.126758 0.132763 0.307483 0.238427 0.128328 0.426754
589 0.211044 0.103972 0.070391 0.119225 0.129261 0.140247 0.312196 0.234589 0.134914 0.410033
5810 0.216405 0.075584 0.060848 0.143870 0.115122 0.154364 0.284298 0.289809 0.136365 0.299677
5810 0.227783 0.086215 0.072174 0.148269 0.104841 0.151799 0.277214 0.301222 0.127285 0.294387
5810 0.222705 0.084049 0.060268 0.147750 0.111393 0.155629 0.285754 0.299103 0.138468 0.307862
5910 0.169841 0.141879 0.039247 0.080278 0.078268 0.170718 0.241512 0.186843 0.200290 0.167642
5910 0.175442 0.149224 0.040658 0.069891 0.074361 0.154454 0.249369 0.183296 0.194070 0.164620
5910 0.162491 0.145061 0.045809 0.066031 0.069575 0.172380 0.246551 0.182128 0.198476 0.173796
678 0.170281 0.130850 0.042891 0.160990 0.164907 0.131484 0.234593 0.151430 0.147414 0.130003
678 0.168374 0.138573 0.049776 0.171704 0.168565 0.117800 0.223056 0.155692 0.147898 0.138986
678 0.168699 0.131750 0.056929 0.174999 0.162898 0.115634 0.225062 0.151761 0.174599 0.144367
679 0.342562 0.136099 0.125953 0.116511 0.185706 0.123703 0.367294 0.244790 0.198601 0.398757
679 0.340326 0.137174 0.131376 0.119185 0.193098 0.123929 0.364214 0.249794 0.204994 0.409127
679 0.334876 0.133980 0.129578 0.120092 0.193870 0.136360 0.363520 0.250606 0.202154 0.402258
6710 0.380668 0.128465 0.111126 0.181025 0.199742 0.139673 0.315435 0.275763 0.196919 0.238667
6710 0.394373 0.135216 0.126327 0.182352 0.200566 0.142292 0.320799 0.279881 0.197271 0.236169
6710 0.383416 0.127673 0.119023 0.183915 0.199031 0.140527 0.299265 0.287181 0.203377 0.239129
689 0.380605 0.122288 0.131193 0.175237 0.201663 0.131905 0.312182 0.282424 0.197164 0.233645
689 0.384240 0.139321 0.112862 0.179278 0.195797 0.141924 0.317481 0.288826 0.189789 0.242129
689 0.387096 0.136804 0.116187 0.176608 0.190996 0.134998 0.323529 0.276719 0.199354 0.233513
6810 0.342003 0.135119 0.132861 0.124594 0.193563 0.128581 0.359464 0.253745 0.203417 0.402275
6810 0.331580 0.127854 0.140082 0.124586 0.184167 0.121862 0.359118 0.247575 0.204908 0.395065
6810 0.339675 0.143513 0.139791 0.116378 0.181030 0.117656 0.369904 0.247527 0.206838 0.412319
6910 0.150198 0.125529 0.054740 0.183187 0.168723 0.124487 0.229398 0.141411 0.174643 0.154657
6910 0.161013 0.123812 0.056530 0.176752 0.172309 0.126573 0.237837 0.156039 0.165450 0.133236
6910 0.160284 0.130882 0.045282 0.167694 0.164891 0.126537 0.222975 0.136972 0.164971 0.147587
789 0.261240 0.158130 0.127996 0.136845 0.163336 0.153032 0.164934 0.273093 0.226658 0.165197
789 0.254193 0.143156 0.137455 0.161906 0.191489 0.148499 0.153760 0.280842 0.231853 0.158204
789 0.254472 0.148846 0.121930 0.162231 0.191587 0.135403 0.157690 0.277528 0.224708 0.167652
7810 0.277666 0.126081 0.072610 0.121624 0.152048 0.176355 0.146444 0.261802 0.210026 0.175860
7810 0.280455 0.117216 0.073963 0.119298 0.141334 0.182833 0.154078 0.266472 0.212569 0.166552
7810 0.277504 0.123333 0.076855 0.124141 0.144924 0.177297 0.147689 0.272552 0.209438 0.169793
7910 0.212204 0.179767 0.092600 0.153829 0.138421 0.109094 0.312854 0.218706 0.141954 0.272123
7910 0.210948 0.172619 0.101102 0.147032 0.154460 0.114867 0.311402 0.219569 0.140252 0.263552
7910 0.203178 0.175245 0.090902 0.145898 0.137669 0.116460 0.315256 0.206535 0.137645 0.273828
8910 0.203380 0.192519 0.039429 0.141615 0.133470 0.139597 0.332049 0.201808 0.167820 0.150719
8910 0.207527 0.178006 0.041828 0.156352 0.138236 0.148321 0.329475 0.194646 0.170272 0.152480
8910 0.203793 0.177684 0.047325 0.143637 0.132922 0.144438 0.332069 0.206631 0.155840 0.152724
