cur_topo missing1 missing2 missing3 missing4 missing5 missing6 missing7 missing8
123 0.092726 0.237994 0.088252 0.099045 0.095924 0.356082 0.063286 0.055992
123 0.081510 0.237136 0.086722 0.106103 0.097878 0.354132 0.066369 0.057261
123 0.083626 0.230333 0.092380 0.099791 0.087475 0.355502 0.075040 0.056484
124 0.171472 0.239444 0.095398 0.176332 0.126434 0.195362 0.057422 0.055254
124 0.169045 0.253636 0.072338 0.173008 0.121244 0.191637 0.053427 0.066211
124 0.171629 0.245643 0.078608 0.176958 0.128126 0.196805 0.062211 0.042673
125 0.167488 0.255124 0.087695 0.180323 0.123909 0.199702 0.049634 0.057385
125 0.169422 0.254498 0.085500 0.178709 0.118117 0.209259 0.067057 0.047582
125 0.173658 0.244842 0.082662 0.179251 0.120609 0.209543 0.052530 0.052587
126 0.158222 0.081624 0.072726 0.139920 0.109888 0.385324 0.062461 0.153535
126 0.146077 0.079924 0.060103 0.143194 0.106415 0.362060 0.075361 0.157066
126 0.156519 0.083037 0.062669 0.144365 0.112187 0.371123 0.053230 0.157337
127 0.151407 0.091003 0.059437 0.136548 0.112743 0.377393 0.062917 0.150688
127 0.143861 0.069402 0.069364 0.143413 0.099124 0.353254 0.061180 0.145314
127 0.148174 0.078679 0.069535 0.127758 0.096465 0.376424 0.061562 0.144788
128 0.147641 0.125619 0.033171 0.105377 0.106597 0.051736 0.220637 0.114314
128 0.136053 0.120608 0.037178 0.090519 0.092684 0.045983 0.216671 0.110640
128 0.139652 0.132495 0.028443 0.083772 0.099123 0.046950 0.216464 0.107512
134 0.067766 0.195353 0.073790 0.091540 0.075365 0.336205 0.035126 0.033625
134 0.084048 0.199389 0.076077 0.073153 0.072025 0.335911 0.042985 0.036785
134 0.075706 0.210980 0.083271 0.078532 0.075387 0.335234 0.031077 0.040805
135 0.063676 0.202041 0.071102 0.081289 0.079549 0.330038 0.030659 0.031129
135 0.061354 0.197884 0.080249 0.081262 0.062984 0.344050 0.041194 0.032594
135 0.077540 0.213647 0.091251 0.082019 0.075035 0.340137 0.035542 0.043282
136 0.119179 0.349597 0.201943 0.225887 0.103092 0.482252 0.016556 0.234503
136 0.112053 0.347922 0.198718 0.231363 0.085967 0.467477 0.017034 0.235770
136 0.124349 0.347491 0.191157 0.234286 0.098925 0.474506 0.018110 0.236920
137 0.121840 0.355681 0.201349 0.232051 0.102568 0.470227 0.013820 0.229626
137 0.119754 0.355090 0.196159 0.227805 0.095816 0.486088 0.011996 0.239806
137 0.117184 0.340642 0.200657 0.238368 0.093006 0.476109 0.021487 0.237851
138 0.094600 0.223359 0.149326 0.136506 0.086511 0.091869 0.147089 0.193234
138 0.074643 0.239838 0.156300 0.128733 0.068513 0.104738 0.133400 0.203749
138 0.086144 0.235333 0.150958 0.130136 0.077006 0.104551 0.145808 0.202885
145 0.152074 0.224480 0.131584 0.295041 0.086679 0.290373 0.111739 0.131417
145 0.167440 0.209436 0.140298 0.304408 0.082459 0.279347 0.090437 0.125045
145 0.146280 0.226187 0.130441 0.283997 0.074070 0.276011 0.092964 0.124261
146 0.368350 0.084025 0.213083 0.070430 0.337360 0.267297 0.124410 0.159827
146 0.361666 0.086296 0.217796 0.086089 0.344312 0.267742 0.133593 0.155722
146 0.365671 0.086596 0.218257 0.078717 0.339072 0.271362 0.132510 0.158025
147 0.366629 0.080286 0.214465 0.081102 0.338484 0.268803 0.124774 0.154877
147 0.370810 0.085940 0.221957 0.081693 0.342204 0.277029 0.127048 0.157016
147 0.361587 0.083367 0.215456 0.078524 0.338807 0.276916 0.125948 0.161132
148 0.163719 0.095275 0.062425 0.113291 0.159046 0.032178 0.296486 0.030910
148 0.172834 0.087459 0.062537 0.111212 0.157847 0.033334 0.290341 0.031743
148 0.176917 0.088031 0.066330 0.099168 0.163589 0.050695 0.291924 0.025137
156 0.364254 0.073800 0.204601 0.067724 0.341567 0.274408 0.113193 0.160310
156 0.373787 0.080913 0.226282 0.076129 0.342284 0.274557 0.130478 0.162785
156 0.357066 0.078896 0.216871 0.075660 0.351231 0.272882 0.124051 0.163948
157 0.358067 0.080025 0.210689 0.075861 0.346028 0.277329 0.117971 0.158967
157 0.369329 0.093038 0.220559 0.074056 0.341972 0.275132 0.128370 0.158421
157 0.359403 0.080601 0.207254 0.069284 0.344299 0.273741 0.108344 0.164383
158 0.171461 0.088804 0.060434 0.104297 0.163608 0.028367 0.295973 0.037460
158 0.167689 0.090314 0.055126 0.104434 0.169615 0.035972 0.288514 0.027906
158 0.176903 0.088797 0.065923 0.099476 0.155755 0.048262 0.292116 0.039942
167 0.144716 0.230437 0.123909 0.288759 0.073817 0.282355 0.110985 0.126574
167 0.144920 0.228156 0.129752 0.296854 0.076382 0.278691 0.112717 0.122571
167 0.154943 0.223441 0.142710 0.301584 0.076674 0.273890 0.095779 0.127103
168 0.162326 0.159736 0.147343 0.189049 0.158005 0.049429 0.304770 0.255873
168 0.171528 0.154156 0.141219 0.183946 0.160859 0.045763 0.308718 0.248811
168 0.170746 0.156464 0.141154 0.174318 0.163139 0.046652 0.307556 0.232331
178 0.171224 0.139319 0.142512 0.180111 0.152499 0.059234 0.309679 0.248442
178 0.169621 0.144960 0.146573 0.192743 0.170453 0.045398 0.305039 0.244111
178 0.154763 0.161477 0.130396 0.178310 0.149643 0.037224 0.308610 0.247078
234 0.072697 0.281787 0.129641 0.182107 0.059223 0.343346 0.044931 0.075447
234 0.069614 0.285748 0.132371 0.172325 0.060147 0.338960 0.033905 0.075615
234 0.077563 0.279828 0.133522 0.187958 0.069941 0.341808 0.041972 0.072473
235 0.078269 0.260708 0.127213 0.195129 0.065067 0.343191 0.042074 0.071528
235 0.069588 0.272464 0.139315 0.179302 0.057689 0.345622 0.039598 0.078484
235 0.078680 0.268484 0.126796 0.194579 0.063947 0.350276 0.041849 0.079100
236 0.088103 0.237707 0.209250 0.104007 0.104850 0.510323 0.031562 0.136620
236 0.083585 0.243964 0.213317 0.094309 0.103445 0.512733 0.031081 0.140349
236 0.098423 0.237647 0.215519 0.096782 0.104036 0.511225 0.023719 0.128117
237 0.090318 0.239279 0.213254 0.104009 0.109082 0.506126 0.019375 0.135440
237 0.081685 0.244621 0.219080 0.098181 0.107576 0.510286 0.033362 0.131320
237 0.082458 0.248671 0.205060 0.101025 0.106860 0.505287 0.031047 0.136618
238 0.115086 0.155963 0.093854 0.020782 0.085348 0.126876 0.124973 0.210482
238 0.109986 0.168718 0.102151 0.037946 0.091897 0.121362 0.119268 0.214337
238 0.114286 0.174489 0.104030 0.029702 0.085790 0.142088 0.111610 0.214561
245 0.189727 0.107255 0.121923 0.097800 0.220492 0.134585 0.114397 0.078171
245 0.193707 0.101910 0.112787 0.090430 0.215936 0.150666 0.123631 0.073328
245 0.187265 0.106493 0.105312 0.083809 0.222525 0.151868 0.141913 0.076503
246 0.183646 0.185549 0.245088 0.349026 0.132837 0.263095 0.126013 0.171108
246 0.193126 0.186767 0.254702 0.347231 0.141474 0.270617 0.121633 0.185821
246 0.180950 0.190274 0.235924 0.336936 0.124513 0.261690 0.129440 0.159987
247 0.189211 0.185334 0.243462 0.352860 0.147824 0.271799 0.132624 0.187641
247 0.200644 0.177624 0.255353 0.351895 0.138715 0.259352 0.135839 0.174283
247 0.196407 0.177612 0.251680 0.354543 0.148991 0.265734 0.138224 0.185745
248 0.148788 0.195838 0.059199 0.166095 0.127308 0.053520 0.285340 0.057552
248 0.156065 0.194793 0.054185 0.165369 0.132425 0.048697 0.280657 0.047563
248 0.159663 0.194663 0.065716 0.172966 0.141180 0.044288 0.285232 0.051263
256 0.178164 0.186523 0.242103 0.345611 0.142525 0.269825 0.123898 0.185098
256 0.197426 0.182606 0.257192 0.345184 0.139809 0.260740 0.134364 0.178129
256 0.177552 0.185438 0.247274 0.340423 0.160807 0.269439 0.129094 0.183247
257 0.203587 0.182892 0.246408 0.345800 0.144956 0.270244 0.125725 0.187537
257 0.181024 0.198675 0.239889 0.334844 0.149024 0.273536 0.121833 0.187499
257 0.195588 0.176495 0.248983 0.354054 0.144450 0.268615 0.133531 0.183434
258 0.160780 0.187884 0.051079 0.169933 0.136784 0.044035 0.274705 0.050181
258 0.159082 0.189755 0.056471 0.183341 0.137034 0.047865 0.277326 0.049144
258 0.168469 0.189612 0.058297 0.173391 0.142388 0.054667 0.292678 0.055436
267 0.190680 0.106556 0.107760 0.092926 0.214477 0.149700 0.127675 0.072440
267 0.184876 0.118284 0.111690 0.082184 0.219814 0.150798 0.121805 0.086959
267 0.182345 0.114287 0.109951 0.093549 0.227802 0.151326 0.128158 0.072191
268 0.204168 0.085561 0.154785 0.121835 0.198472 0.059634 0.332953 0.260260
268 0.206613 0.077285 0.161147 0.125919 0.195418 0.051820 0.336164 0.260252
268 0.204025 0.087070 0.162276 0.130052 0.203887 0.037081 0.343052 0.274136
278 0.207785 0.088262 0.158718 0.126698 0.196478 0.062490 0.342860 0.264933
278 0.207138 0.089362 0.158875 0.127970 0.206100 0.057357 0.343645 0.260705
278 0.198722 0.082199 0.153992 0.120410 0.201998 0.049593 0.335562 0.265196
345 0.079695 0.309054 0.040785 0.189330 0.053064 0.345268 0.020189 0.029077
345 0.056238 0.309793 0.055299 0.198540 0.053290 0.352093 0.026533 0.020977
345 0.068237 0.315451 0.042820 0.190334 0.059441 0.348585 0.015295 0.021532
346 0.090736 0.245678 0.123368 0.045612 0.124284 0.481491 0.064511 0.197672
346 0.088232 0.241413 0.132307 0.044441 0.123979 0.485340 0.069011 0.193163
346 0.092795 0.243255 0.120994 0.040710 0.127863 0.475306 0.066406 0.195681
347 0.094370 0.240860 0.125521 0.048559 0.117301 0.480991 0.058417 0.195545
347 0.092852 0.241888 0.134386 0.043784 0.116574 0.480095 0.056249 0.194822
347 0.099886 0.245639 0.123474 0.031366 0.133663 0.481488 0.072795 0.197834
348 0.076552 0.217883 0.050344 0.059338 0.089191 0.083617 0.148570 0.188999
348 0.080019 0.218461 0.036314 0.066820 0.091366 0.085741 0.133013 0.191705
348 0.083738 0.217315 0.040539 0.056137 0.097738 0.091475 0.137606 0.194013
356 0.090610 0.245847 0.120048 0.035947 0.129898 0.482697 0.067297 0.199571
356 0.090687 0.242691 0.124469 0.036739 0.124444 0.481534 0.054406 0.201344
356 0.088463 0.239538 0.124923 0.049861 0.118532 0.485308 0.062379 0.193511
357 0.087863 0.240297 0.128814 0.038336 0.125436 0.487108 0.066919 0.199076
357 0.094239 0.245203 0.126546 0.042608 0.130002 0.476014 0.074551 0.197951
357 0.104316 0.242823 0.127727 0.044163 0.122222 0.480749 0.065004 0.197857
358 0.093213 0.225912 0.027607 0.050402 0.105261 0.097681 0.145638 0.190722
358 0.086135 0.213306 0.033603 0.066109 0.091670 0.094220 0.149195 0.191657
358 0.083393 0.219209 0.041844 0.057424 0.097830 0.092583 0.148568 0.187418
367 0.077545 0.307700 0.049998 0.180199 0.052965 0.343788 0.016508 0.021718
367 0.061129 0.307570 0.040088 0.193327 0.059074 0.346392 0.032259 0.023777
367 0.066564 0.304219 0.043793 0.196166 0.060904 0.346751 0.020007 0.032641
368 0.084669 0.288439 0.111599 0.187433 0.103728 0.103938 0.110241 0.283542
368 0.092258 0.291602 0.106730 0.189771 0.096527 0.089869 0.106993 0.281493
368 0.090503 0.310512 0.110677 0.186346 0.096501 0.092482 0.103732 0.272835
378 0.091709 0.300249 0.104602 0.177642 0.089511 0.091983 0.117175 0.288668
378 0.085731 0.297130 0.095783 0.184527 0.099249 0.090191 0.118754 0.283099
378 0.090876 0.296096 0.107038 0.183110 0.090281 0.096948 0.117044 0.276569
456 0.269701 0.228411 0.126288 0.198943 0.238205 0.334243 0.049869 0.116019
456 0.291606 0.235334 0.134840 0.187049 0.218182 0.331878 0.051102 0.117673
456 0.271204 0.215189 0.136777 0.204730 0.242390 0.335429 0.052513 0.118246
457 0.279410 0.226197 0.128188 0.197896 0.235107 0.338615 0.045760 0.117317
457 0.283901 0.221896 0.136472 0.196885 0.230404 0.340859 0.058132 0.110013
457 0.287626 0.235678 0.127964 0.193639 0.232089 0.334419 0.052008 0.115765
458 0.181069 0.213708 0.026711 0.130534 0.126423 0.036671 0.193006 0.114571
458 0.173805 0.205919 0.033716 0.128513 0.136955 0.043716 0.205482 0.115530
458 0.178978 0.213089 0.032338 0.127454 0.130322 0.046754 0.209771 0.104941
467 0.133640 0.120357 0.057164 0.085090 0.138867 0.273555 0.073630 0.090692
467 0.128119 0.123921 0.047739 0.101212 0.141436 0.286223 0.077184 0.093842
467 0.120642 0.111048 0.052064 0.093121 0.136292 0.275163 0.081951 0.085616
468 0.198935 0.096182 0.059976 0.127309 0.101373 0.042611 0.224042 0.283397
468 0.193796 0.102930 0.059936 0.120786 0.103003 0.035864 0.223641 0.279929
468 0.205023 0.099841 0.046330 0.130258 0.104850 0.058141 0.219354 0.273013
478 0.200201 0.100239 0.062837 0.125020 0.100846 0.040510 0.219160 0.279034
478 0.211049 0.094965 0.047940 0.131696 0.114481 0.051433 0.215848 0.278509
478 0.198446 0.084432 0.070108 0.126280 0.097371 0.049426 0.228386 0.278909
567 0.136161 0.124612 0.052056 0.106428 0.151633 0.273752 0.079210 0.094035
567 0.129165 0.113740 0.052288 0.099775 0.142541 0.274049 0.075197 0.087952
567 0.131099 0.117502 0.052897 0.106604 0.150300 0.270209 0.069061 0.086410
568 0.197854 0.098592 0.053117 0.124068 0.105777 0.051192 0.221375 0.264532
568 0.204118 0.095890 0.052932 0.117372 0.102331 0.049019 0.219268 0.271648
568 0.199607 0.094713 0.059775 0.121922 0.102908 0.049047 0.213723 0.277969
578 0.208336 0.104548 0.044226 0.129471 0.117401 0.056178 0.213201 0.270096
578 0.207186 0.093606 0.054371 0.124179 0.100304 0.047729 0.226517 0.278035
578 0.195133 0.090142 0.056679 0.128579 0.095314 0.048310 0.230600 0.270954
678 0.184401 0.214239 0.022325 0.124795 0.131169 0.044401 0.198427 0.117603
678 0.190460 0.210900 0.027089 0.133292 0.140088 0.036954 0.183452 0.124982
678 0.184641 0.207287 0.030268 0.119774 0.124793 0.042751 0.203176 0.122309
