cur_topo missing1 missing2 missing3 missing4 missing5 missing6 missing7 missing8 missing9
12 0.089888 0.065055 0.053706 0.083304 0.113495 0.244243 0.050197 0.031455 0.080181
12 0.104983 0.063389 0.066533 0.093492 0.110750 0.223716 0.046272 0.024168 0.082932
12 0.106045 0.065353 0.054527 0.092260 0.126988 0.239817 0.049016 0.029627 0.087446
13 0.100873 0.267571 0.148747 0.076750 0.046488 0.298808 0.038904 0.044212 0.149340
13 0.099986 0.269782 0.158068 0.077610 0.047579 0.305384 0.036862 0.043395 0.144306
13 0.097320 0.268861 0.150409 0.078742 0.045164 0.306165 0.040032 0.053226 0.147423
14 0.185770 0.156810 0.077407 0.112492 0.201347 0.086289 0.101897 0.097044 0.161626
14 0.184403 0.145419 0.093240 0.105157 0.201055 0.082104 0.095489 0.099994 0.172764
14 0.199580 0.144399 0.087933 0.115256 0.198106 0.072805 0.086638 0.104093 0.170341
15 0.183207 0.154265 0.084439 0.108128 0.209871 0.083819 0.087885 0.104908 0.166307
15 0.195286 0.148160 0.076359 0.109572 0.195453 0.085028 0.095783 0.094126 0.173303
15 0.188544 0.152559 0.088365 0.118547 0.213396 0.074602 0.096871 0.105494 0.165625
16 0.114959 0.218811 0.170184 0.298421 0.204040 0.275930 0.052247 0.269044 0.179212
16 0.118037 0.219016 0.182764 0.295096 0.203412 0.277637 0.061904 0.258794 0.176942
16 0.111987 0.216264 0.175005 0.304880 0.210406 0.285277 0.057368 0.276966 0.183815
17 0.210278 0.165957 0.132203 0.222677 0.116115 0.236504 0.076669 0.151512 0.072300
17 0.224507 0.161283 0.146787 0.223418 0.124526 0.236421 0.070985 0.147521 0.079099
17 0.218383 0.161999 0.143331 0.235946 0.124422 0.235864 0.066743 0.158602 0.078967
18 0.121175 0.183657 0.068488 0.136353 0.104393 0.051683 0.265352 0.050687 0.317816
18 0.119632 0.171502 0.066992 0.128683 0.119551 0.041375 0.248093 0.059531 0.320639
18 0.116175 0.176031 0.069146 0.135562 0.109689 0.040717 0.249029 0.055131 0.318945
19 0.149971 0.160296 0.136384 0.338086 0.108396 0.327036 0.125156 0.160872 0.083952
19 0.155139 0.172537 0.136896 0.341212 0.111928 0.330900 0.126732 0.159364 0.085699
19 0.150219 0.166739 0.127648 0.335673 0.108661 0.335477 0.132967 0.159938 0.081722
23 0.066580 0.179200 0.078472 0.102534 0.069788 0.366620 0.024036 0.041644 0.083515
23 0.062241 0.174007 0.079382 0.105252 0.068201 0.372198 0.031104 0.048995 0.084412
23 0.076521 0.179532 0.068922 0.108232 0.070302 0.356689 0.020460 0.048690 0.082525
24 0.162164 0.165736 0.141718 0.347012 0.101774 0.327967 0.124140 0.160199 0.082074
24 0.153485 0.176463 0.141766 0.329751 0.101873 0.323042 0.116431 0.161753 0.087360
24 0.146333 0.184004 0.132987 0.335041 0.093800 0.326050 0.124881 0.159037 0.080708
25 0.153544 0.174647 0.122329 0.337827 0.104227 0.343090 0.136046 0.157483 0.082278
25 0.150653 0.170063 0.136056 0.339736 0.106298 0.324212 0.131872 0.152679 0.080577
25 0.153676 0.166547 0.131298 0.340589 0.099192 0.328694 0.126713 0.162826 0.071506
26 0.359381 0.106442 0.135938 0.098117 0.306408 0.221429 0.092241 0.132870 0.124811
26 0.353826 0.112261 0.126607 0.091494 0.319629 0.220046 0.101067 0.146790 0.117565
26 0.360433 0.098036 0.139136 0.081754 0.305546 0.225885 0.092049 0.131751 0.136394
27 0.367444 0.097812 0.289275 0.112105 0.309372 0.313778 0.134958 0.204768 0.043446
27 0.351599 0.109650 0.271982 0.114167 0.321315 0.321510 0.122810 0.215488 0.048897
27 0.359939 0.098694 0.286766 0.104112 0.313515 0.319157 0.131011 0.197223 0.058498
28 0.226703 0.075591 0.035587 0.146761 0.138761 0.041172 0.326555 0.068214 0.233256
28 0.225218 0.074302 0.037841 0.147248 0.130618 0.034948 0.324768 0.065936 0.228165
28 0.230182 0.070880 0.042818 0.154935 0.132831 0.041798 0.332429 0.060828 0.230275
29 0.190866 0.142404 0.094595 0.114855 0.205020 0.080682 0.097355 0.099266 0.166662
29 0.196758 0.146012 0.087588 0.111014 0.201009 0.090669 0.105305 0.099801 0.165403
29 0.192631 0.154159 0.088676 0.116758 0.211222 0.072304 0.102048 0.105230 0.168269
34 0.083844 0.254047 0.086718 0.073423 0.070506 0.403943 0.063440 0.098124 0.130716
34 0.081645 0.244408 0.086814 0.065344 0.071589 0.398899 0.065543 0.084565 0.138225
34 0.098070 0.252385 0.075393 0.079467 0.084691 0.400662 0.057081 0.093513 0.116359
35 0.088998 0.255645 0.072407 0.077537 0.077165 0.386077 0.052189 0.100814 0.128288
35 0.089372 0.239687 0.085676 0.081077 0.081433 0.406330 0.064233 0.092064 0.133515
35 0.087923 0.241434 0.087606 0.067902 0.072920 0.390014 0.068679 0.083403 0.149413
36 0.076967 0.216698 0.097822 0.239390 0.085873 0.454582 0.019602 0.109416 0.043634
36 0.075439 0.225024 0.099285 0.237022 0.083208 0.451373 0.021923 0.106771 0.050281
36 0.066346 0.217531 0.096513 0.238006 0.084798 0.462448 0.022177 0.110922 0.044820
37 0.097507 0.296547 0.087862 0.130303 0.080900 0.514722 0.025630 0.215206 0.082602
37 0.109655 0.307725 0.091785 0.105909 0.069392 0.516292 0.035543 0.212544 0.075409
37 0.102431 0.305791 0.090583 0.117989 0.072296 0.515350 0.026904 0.214744 0.081967
38 0.077200 0.226541 0.046832 0.109061 0.070180 0.084456 0.109079 0.242676 0.213896
38 0.079827 0.222311 0.046487 0.104198 0.065493 0.081639 0.102591 0.245362 0.213690
38 0.066405 0.223403 0.045755 0.103399 0.072531 0.097200 0.109066 0.240429 0.213671
39 0.057502 0.166184 0.037297 0.218085 0.065495 0.321739 0.024443 0.038686 0.055000
39 0.066721 0.177575 0.038108 0.213385 0.073807 0.320041 0.019018 0.041739 0.055076
39 0.071735 0.169706 0.047256 0.204689 0.069707 0.333714 0.021281 0.031120 0.063215
45 0.222900 0.253545 0.072517 0.097849 0.109094 0.261182 0.075330 0.096567 0.102684
45 0.231101 0.255481 0.076475 0.095338 0.110240 0.256898 0.075661 0.094459 0.097125
45 0.231758 0.249713 0.086110 0.090366 0.109225 0.251126 0.067895 0.097334 0.105982
46 0.151287 0.049666 0.065373 0.099643 0.100562 0.327658 0.060165 0.166242 0.063535
46 0.151782 0.052908 0.059216 0.098018 0.087292 0.319813 0.064995 0.166598 0.059753
46 0.159781 0.057719 0.058339 0.109955 0.104150 0.333871 0.050246 0.179656 0.051985
47 0.142894 0.113661 0.074228 0.147305 0.077034 0.409026 0.070327 0.238415 0.073629
47 0.153431 0.113542 0.071745 0.152626 0.099619 0.411561 0.064861 0.242577 0.077832
47 0.149969 0.113089 0.064747 0.154281 0.093808 0.416727 0.073397 0.236577 0.071453
48 0.176160 0.146987 0.027062 0.074492 0.092090 0.053051 0.252241 0.141150 0.219050
48 0.187461 0.143599 0.035067 0.067765 0.090521 0.046712 0.236909 0.140080 0.219730
48 0.191003 0.149262 0.040878 0.074439 0.094644 0.055779 0.237643 0.141004 0.217818
49 0.102336 0.054260 0.060932 0.097418 0.111172 0.227183 0.057442 0.025724 0.077566
49 0.108245 0.062776 0.054917 0.080865 0.112639 0.239842 0.036050 0.026706 0.092025
49 0.105155 0.061202 0.055909 0.087882 0.120664 0.240228 0.040683 0.026057 0.077439
56 0.147343 0.048174 0.070903 0.102136 0.092319 0.325379 0.057674 0.165479 0.051560
56 0.153141 0.063583 0.061768 0.100564 0.105490 0.328238 0.059005 0.167791 0.061446
56 0.144694 0.048485 0.068116 0.103970 0.090078 0.329923 0.056379 0.167434 0.062110
57 0.157090 0.109149 0.061975 0.147629 0.102494 0.418649 0.061402 0.236644 0.076308
57 0.149317 0.114143 0.071017 0.158980 0.100579 0.404366 0.073683 0.233605 0.079479
57 0.161956 0.127799 0.065790 0.161195 0.095912 0.423856 0.079687 0.242524 0.069991
58 0.184741 0.145339 0.035282 0.069254 0.095288 0.049316 0.236394 0.138299 0.213614
58 0.189996 0.139452 0.030283 0.067224 0.103955 0.051039 0.238619 0.135611 0.221089
58 0.180357 0.133571 0.040575 0.072174 0.089953 0.055060 0.245694 0.138796 0.222218
59 0.105314 0.065466 0.061709 0.082118 0.109588 0.224356 0.046628 0.025525 0.085122
59 0.106037 0.061799 0.042262 0.091385 0.124786 0.238156 0.041677 0.034815 0.091808
59 0.100320 0.052765 0.054944 0.082692 0.107733 0.245215 0.060306 0.022517 0.080780
67 0.175981 0.126239 0.081205 0.183784 0.139468 0.165250 0.056394 0.070130 0.085528
67 0.180015 0.118910 0.076439 0.179713 0.132184 0.157418 0.044869 0.073104 0.082355
67 0.173755 0.116643 0.082837 0.183947 0.135018 0.150893 0.042836 0.077097 0.086993
68 0.262965 0.137893 0.065844 0.115835 0.127141 0.046554 0.255831 0.289240 0.223640
68 0.278523 0.143220 0.056259 0.106312 0.116164 0.062614 0.239960 0.277841 0.220611
68 0.280269 0.157389 0.064486 0.102936 0.117815 0.058552 0.259011 0.290300 0.210767
69 0.291104 0.202738 0.159092 0.122505 0.220852 0.361551 0.103234 0.166892 0.063531
69 0.280665 0.193099 0.151135 0.128574 0.223449 0.374222 0.085837 0.185311 0.052244
69 0.306124 0.204036 0.154991 0.113289 0.212832 0.376818 0.100513 0.186797 0.048351
78 0.199782 0.115965 0.134414 0.185944 0.148860 0.045908 0.258695 0.300724 0.195844
78 0.191859 0.125905 0.125886 0.193550 0.152641 0.044090 0.243011 0.288377 0.183232
78 0.199929 0.132588 0.123466 0.183307 0.148653 0.059407 0.249351 0.289345 0.176849
79 0.274921 0.135884 0.114631 0.222150 0.221385 0.284847 0.071863 0.074255 0.065145
79 0.279200 0.141859 0.102806 0.217273 0.218481 0.287191 0.066035 0.082598 0.062630
79 0.271350 0.134942 0.118663 0.228865 0.225840 0.285225 0.063983 0.074581 0.064326
89 0.169726 0.102034 0.034867 0.183096 0.150246 0.040087 0.187773 0.078637 0.163780
89 0.161163 0.089325 0.027677 0.185547 0.144565 0.036363 0.201471 0.079065 0.163732
89 0.161219 0.090549 0.043104 0.190573 0.155798 0.042343 0.201231 0.073591 0.159490
