cur_topo missing1 missing2 missing3 missing4 missing5 missing6 missing7 missing8
123 0.085947 0.296572 0.087641 0.073134 0.141278 0.431407 0.094156 0.156481
123 0.093664 0.292554 0.073257 0.078047 0.149513 0.436017 0.094894 0.157966
123 0.088780 0.295820 0.088062 0.068056 0.146073 0.440371 0.094167 0.165512
124 0.311941 0.213347 0.043631 0.251705 0.196835 0.395183 0.051560 0.076538
124 0.317168 0.191451 0.044916 0.268275 0.208906 0.391623 0.063619 0.073044
124 0.316678 0.206781 0.047338 0.256543 0.201749 0.394570 0.056773 0.075852
125 0.305591 0.190472 0.050226 0.261597 0.208849 0.391100 0.061999 0.066589
125 0.305724 0.191374 0.047333 0.259911 0.207230 0.392742 0.070275 0.069864
125 0.311719 0.197249 0.053885 0.260776 0.204392 0.388946 0.059196 0.066770
126 0.139239 0.046063 0.016636 0.197789 0.109165 0.462498 0.019015 0.316042
126 0.132548 0.042599 0.011712 0.195142 0.096355 0.465511 0.016634 0.324160
126 0.121598 0.034338 0.027650 0.196680 0.101835 0.457851 0.026762 0.318442
127 0.130671 0.035583 0.021766 0.198894 0.105472 0.466110 0.022091 0.319906
127 0.127914 0.034014 0.019349 0.187038 0.100247 0.464523 0.016109 0.317396
127 0.137237 0.040714 0.021355 0.194415 0.108576 0.467678 0.022295 0.323651
128 0.233404 0.132975 0.043129 0.163335 0.168420 0.037449 0.249900 0.072326
128 0.233935 0.131592 0.042693 0.157991 0.171270 0.038279 0.251175 0.079912
128 0.227442 0.131346 0.044641 0.155745 0.164308 0.033495 0.254884 0.079881
134 0.124417 0.246250 0.090181 0.121612 0.113899 0.449155 0.046733 0.077436
134 0.118994 0.242640 0.097908 0.130875 0.119278 0.447615 0.037860 0.075944
134 0.144760 0.223941 0.092035 0.137856 0.107585 0.452771 0.044096 0.073493
135 0.126225 0.235195 0.092827 0.147003 0.104663 0.447448 0.049905 0.079128
135 0.134920 0.231865 0.091737 0.137108 0.102152 0.445365 0.051080 0.061401
135 0.125263 0.241618 0.086478 0.138572 0.102865 0.446518 0.041541 0.073800
136 0.120995 0.404544 0.273589 0.297849 0.168424 0.513969 0.067632 0.352095
136 0.135546 0.394038 0.257619 0.314931 0.178212 0.517539 0.087228 0.357992
136 0.130589 0.397004 0.263766 0.309466 0.185972 0.519517 0.090179 0.356588
137 0.122983 0.401470 0.269429 0.302090 0.171479 0.529002 0.075753 0.357871
137 0.131392 0.390799 0.259614 0.314715 0.182066 0.521536 0.091620 0.356971
137 0.126072 0.396421 0.262619 0.301448 0.176358 0.520014 0.084306 0.348382
138 0.112922 0.276773 0.122074 0.117291 0.108335 0.214971 0.207456 0.096588
138 0.115007 0.273062 0.115165 0.120868 0.115120 0.207040 0.198127 0.098072
138 0.107101 0.268884 0.109874 0.114895 0.113133 0.203424 0.201034 0.097000
145 0.049102 0.410043 0.145425 0.326490 0.059390 0.394058 0.172479 0.251920
145 0.044822 0.403067 0.162483 0.332243 0.070155 0.389026 0.168748 0.251964
145 0.043322 0.401187 0.165018 0.336365 0.065566 0.396159 0.172383 0.257233
146 0.601406 0.094974 0.142548 0.124441 0.359851 0.359848 0.082244 0.558783
146 0.612576 0.078966 0.142755 0.132611 0.357043 0.350988 0.095348 0.550197
146 0.602529 0.083075 0.133275 0.124941 0.363381 0.353966 0.084082 0.562678
147 0.600523 0.083869 0.133726 0.125248 0.364664 0.355416 0.082853 0.547491
147 0.606957 0.094316 0.138984 0.125827 0.362324 0.349884 0.089122 0.541775
147 0.612862 0.080546 0.141732 0.127458 0.353857 0.357849 0.095679 0.553580
148 0.200759 0.104487 0.063638 0.271011 0.172256 0.061831 0.434822 0.085222
148 0.191828 0.114533 0.059844 0.271450 0.180256 0.053175 0.440185 0.085730
148 0.187037 0.113983 0.051484 0.266329 0.180553 0.050716 0.432356 0.084965
156 0.607549 0.081335 0.141576 0.133144 0.361773 0.366706 0.085600 0.555071
156 0.608917 0.084185 0.141162 0.130917 0.353903 0.354380 0.102355 0.548834
156 0.602173 0.091321 0.139999 0.123308 0.365432 0.343147 0.086290 0.549356
157 0.600217 0.085978 0.134864 0.126281 0.362549 0.354347 0.081774 0.556031
157 0.606422 0.080448 0.145390 0.128864 0.351073 0.341507 0.094138 0.539829
157 0.609469 0.079475 0.147688 0.133554 0.352215 0.357369 0.104585 0.547324
158 0.194090 0.112392 0.055942 0.266676 0.178506 0.059900 0.430266 0.079283
158 0.183867 0.112122 0.055892 0.263346 0.177879 0.064763 0.428300 0.082783
158 0.193649 0.097572 0.062982 0.264323 0.173421 0.054836 0.444256 0.084699
167 0.051284 0.405198 0.159818 0.336973 0.064844 0.404644 0.168067 0.265848
167 0.036900 0.410755 0.152318 0.331560 0.056717 0.398091 0.176380 0.262468
167 0.042227 0.413936 0.148265 0.325341 0.059284 0.399476 0.179122 0.260345
168 0.214340 0.184653 0.173793 0.210862 0.171729 0.079409 0.367323 0.248165
168 0.211400 0.181332 0.172199 0.219051 0.169655 0.082916 0.366849 0.242149
168 0.214599 0.178532 0.170715 0.211871 0.170873 0.087444 0.354395 0.252328
178 0.216930 0.170924 0.173092 0.217176 0.179788 0.092525 0.354723 0.236320
178 0.213159 0.172132 0.169351 0.212209 0.177315 0.085184 0.356696 0.244272
178 0.218476 0.168588 0.171165 0.220424 0.177727 0.090979 0.360348 0.237576
234 0.064496 0.335709 0.100034 0.259951 0.084172 0.447864 0.025604 0.167219
234 0.064966 0.326189 0.095408 0.258395 0.097136 0.454735 0.020126 0.160005
234 0.051595 0.339433 0.106876 0.245200 0.086252 0.452748 0.038540 0.170069
235 0.065380 0.337774 0.101459 0.251024 0.096553 0.450349 0.032163 0.171052
235 0.061935 0.333701 0.104928 0.245274 0.085444 0.451161 0.019907 0.167922
235 0.063373 0.337079 0.102104 0.259050 0.096523 0.451670 0.024385 0.164330
236 0.236341 0.242972 0.345754 0.123388 0.129067 0.553325 0.039777 0.300389
236 0.232830 0.244007 0.355008 0.115096 0.139769 0.554309 0.047360 0.299161
236 0.231218 0.248334 0.353682 0.122377 0.149640 0.553114 0.030473 0.300334
237 0.226524 0.249204 0.353385 0.127691 0.146001 0.559111 0.030504 0.303543
237 0.233485 0.242732 0.363190 0.118523 0.135853 0.563219 0.037454 0.308094
237 0.236177 0.250147 0.341771 0.117551 0.131246 0.547491 0.044388 0.294861
238 0.126897 0.202557 0.143551 0.156865 0.194397 0.149474 0.207544 0.162174
238 0.130600 0.207309 0.137364 0.167739 0.183502 0.162783 0.227236 0.148358
238 0.132664 0.196627 0.130319 0.158429 0.184180 0.152973 0.206259 0.156811
245 0.407383 0.131800 0.130423 0.148405 0.186103 0.377543 0.203582 0.079993
245 0.407692 0.134795 0.130980 0.170830 0.194038 0.382883 0.201274 0.086402
245 0.400073 0.144348 0.117334 0.166652 0.203797 0.380020 0.209371 0.073721
246 0.194887 0.171815 0.236885 0.427888 0.123777 0.371085 0.176591 0.366035
246 0.192717 0.187046 0.239973 0.413057 0.121622 0.370629 0.171976 0.365386
246 0.190778 0.186061 0.227349 0.416916 0.125335 0.367076 0.164112 0.359827
247 0.203832 0.175290 0.253459 0.430340 0.120811 0.371630 0.183018 0.361868
247 0.194979 0.178072 0.235241 0.422773 0.135932 0.372176 0.181433 0.375718
247 0.193738 0.174353 0.228316 0.421884 0.129363 0.365220 0.173665 0.369601
248 0.231668 0.258448 0.075822 0.103933 0.190084 0.050400 0.334250 0.028032
248 0.213897 0.259527 0.069172 0.105698 0.178926 0.050574 0.353680 0.030586
248 0.220831 0.262213 0.081019 0.101538 0.186067 0.055833 0.336799 0.033329
256 0.198513 0.173969 0.230058 0.422816 0.131770 0.374877 0.173014 0.375592
256 0.198596 0.176210 0.241792 0.427387 0.136291 0.367280 0.171211 0.376910
256 0.198515 0.178022 0.236525 0.418819 0.126815 0.362997 0.168485 0.370608
257 0.191253 0.179262 0.225015 0.415344 0.120247 0.367447 0.170213 0.362760
257 0.195516 0.178692 0.236945 0.423391 0.128465 0.367645 0.185267 0.367452
257 0.194647 0.185067 0.230260 0.415815 0.124422 0.368411 0.174847 0.368766
258 0.229623 0.255281 0.085177 0.103641 0.184622 0.051934 0.333904 0.030437
258 0.224271 0.258279 0.083539 0.098174 0.186585 0.053487 0.333402 0.042995
258 0.226905 0.254731 0.082779 0.099843 0.184884 0.048860 0.337492 0.025365
267 0.414446 0.136374 0.131200 0.155944 0.194160 0.371167 0.193882 0.056940
267 0.402625 0.144595 0.117889 0.156054 0.201204 0.378645 0.205369 0.073472
267 0.416226 0.134758 0.124415 0.163286 0.187886 0.372751 0.197885 0.075814
268 0.223113 0.085235 0.152118 0.224488 0.211486 0.084038 0.405558 0.203481
268 0.222897 0.090066 0.160918 0.229451 0.210308 0.084341 0.411970 0.207449
268 0.221030 0.097329 0.143385 0.232644 0.215111 0.084724 0.403928 0.198266
278 0.219531 0.092501 0.149837 0.224069 0.213037 0.092429 0.401767 0.197771
278 0.222690 0.104885 0.149318 0.230831 0.215747 0.074844 0.413179 0.205290
278 0.232480 0.086954 0.147379 0.227860 0.204359 0.070981 0.409406 0.206820
345 0.078248 0.306689 0.045043 0.280602 0.136310 0.463303 0.032108 0.073398
345 0.081784 0.308598 0.034024 0.278189 0.130863 0.451370 0.015064 0.056999
345 0.089226 0.313291 0.045123 0.281415 0.136189 0.461585 0.022055 0.074618
346 0.069035 0.225415 0.037475 0.114951 0.187878 0.523440 0.043068 0.267314
346 0.075885 0.241791 0.040781 0.114405 0.189898 0.515337 0.037623 0.260997
346 0.069959 0.237483 0.037510 0.115626 0.188440 0.512870 0.035295 0.263113
347 0.080742 0.236264 0.035169 0.119995 0.198710 0.527845 0.036233 0.267282
347 0.071519 0.228825 0.023644 0.118064 0.187461 0.507071 0.044981 0.256539
347 0.063411 0.236077 0.050825 0.111469 0.189212 0.525902 0.035612 0.273252
348 0.115058 0.255349 0.030598 0.088704 0.127497 0.109061 0.190049 0.105357
348 0.091388 0.244740 0.035564 0.089650 0.114262 0.122011 0.206946 0.104667
348 0.102642 0.244610 0.029509 0.078433 0.117369 0.116391 0.196913 0.108937
356 0.075047 0.233732 0.029463 0.119294 0.186150 0.520301 0.035675 0.266788
356 0.081582 0.230652 0.044431 0.112693 0.194181 0.525319 0.039768 0.275421
356 0.066187 0.230172 0.029854 0.112040 0.187659 0.521150 0.037317 0.256942
357 0.072561 0.233435 0.040745 0.114784 0.184621 0.511891 0.034596 0.261482
357 0.070267 0.231966 0.025062 0.117503 0.190981 0.507115 0.043420 0.250040
357 0.073976 0.236175 0.029923 0.115280 0.191106 0.516015 0.027465 0.269474
358 0.106995 0.257589 0.033792 0.092576 0.113255 0.119601 0.197853 0.096135
358 0.091539 0.253568 0.034043 0.087806 0.117283 0.127984 0.205350 0.101613
358 0.105639 0.262250 0.035497 0.091479 0.126321 0.117683 0.192757 0.095383
367 0.098512 0.316127 0.047827 0.281072 0.128273 0.455333 0.025721 0.070476
367 0.088626 0.323534 0.058247 0.271852 0.122836 0.462671 0.035403 0.080988
367 0.090508 0.321891 0.051066 0.267008 0.128211 0.466233 0.018034 0.070404
368 0.081944 0.308657 0.126485 0.200710 0.156998 0.192976 0.157786 0.249836
368 0.076184 0.304704 0.128130 0.196498 0.156114 0.199015 0.144231 0.242157
368 0.085526 0.317694 0.135058 0.195381 0.146444 0.193155 0.150402 0.257982
378 0.087738 0.308634 0.134084 0.199230 0.154359 0.203669 0.139903 0.250166
378 0.072812 0.298861 0.121523 0.211409 0.160285 0.192248 0.153040 0.246652
378 0.078239 0.308584 0.132761 0.196395 0.162701 0.201021 0.149491 0.248000
456 0.492980 0.102672 0.079630 0.176768 0.275318 0.458570 0.066026 0.425723
456 0.495918 0.109166 0.077160 0.182801 0.288145 0.468423 0.061497 0.422604
456 0.496758 0.100140 0.072336 0.173811 0.274675 0.453221 0.060308 0.418992
457 0.501250 0.100433 0.073233 0.185863 0.283263 0.461790 0.057680 0.413839
457 0.504095 0.105600 0.074888 0.186236 0.279977 0.462275 0.064576 0.421842
457 0.499773 0.101160 0.087520 0.185680 0.278052 0.448524 0.073841 0.411402
458 0.195125 0.190597 0.043078 0.153108 0.158935 0.084920 0.318558 0.044381
458 0.193723 0.193214 0.048024 0.158698 0.161407 0.084707 0.333020 0.042227
458 0.192063 0.189250 0.050551 0.156756 0.168868 0.087794 0.313253 0.036417
467 0.082055 0.080419 0.044439 0.162273 0.212700 0.419407 0.020985 0.250538
467 0.073083 0.077975 0.032975 0.157588 0.200579 0.427614 0.023809 0.263973
467 0.084704 0.085859 0.045818 0.156750 0.209905 0.418663 0.022816 0.268994
468 0.261691 0.059465 0.035647 0.207516 0.142163 0.090526 0.250870 0.238076
468 0.261550 0.061604 0.050071 0.209513 0.140415 0.080831 0.263516 0.246511
468 0.268371 0.059654 0.043284 0.209398 0.144573 0.077586 0.260463 0.246624
478 0.273947 0.074795 0.035496 0.216610 0.146779 0.096036 0.253473 0.243773
478 0.265861 0.069169 0.052044 0.219884 0.150218 0.085317 0.254587 0.237517
478 0.265707 0.068161 0.036047 0.209269 0.136008 0.082765 0.265165 0.242247
567 0.084402 0.080622 0.042735 0.153819 0.205453 0.424415 0.016357 0.259155
567 0.069584 0.084277 0.032571 0.151601 0.199963 0.422699 0.035446 0.257947
567 0.088414 0.072613 0.034722 0.163357 0.207602 0.414668 0.026619 0.257668
568 0.264709 0.064541 0.041772 0.211214 0.139570 0.085807 0.256211 0.240606
568 0.262120 0.062657 0.051409 0.208014 0.136569 0.085582 0.258626 0.250360
568 0.273634 0.070502 0.038823 0.209153 0.141540 0.090086 0.249727 0.241501
578 0.266630 0.066853 0.042767 0.208146 0.137832 0.078329 0.252996 0.250654
578 0.268616 0.072757 0.047161 0.214734 0.138481 0.080703 0.251284 0.250465
578 0.275109 0.062656 0.038601 0.217942 0.136260 0.080988 0.256839 0.234072
678 0.197740 0.191926 0.044011 0.145216 0.154587 0.079693 0.325044 0.045733
678 0.198866 0.188674 0.051253 0.150776 0.164684 0.079406 0.326647 0.036467
678 0.193310 0.181181 0.039610 0.159414 0.159921 0.077114 0.317157 0.049699
