cur_topo missing1 missing2 missing3 missing4 missing5 missing6 missing7 missing8 missing9 missing10
123 0.069958 0.242145 0.047349 0.047672 0.086984 0.216478 0.232529 0.201191 0.155534 0.213133
123 0.080421 0.239206 0.045345 0.048127 0.084445 0.217960 0.234504 0.209113 0.146900 0.209666
123 0.078817 0.235593 0.039736 0.048494 0.076712 0.231230 0.232633 0.206261 0.149202 0.213760
124 0.207913 0.170788 0.061640 0.134746 0.131957 0.220598 0.238525 0.210133 0.282296 0.132761
124 0.219588 0.190162 0.050798 0.129843 0.123962 0.204393 0.238870 0.205379 0.287533 0.137801
124 0.215978 0.185800 0.057443 0.134256 0.129954 0.219858 0.233397 0.213660 0.278978 0.134614
125 0.216393 0.192771 0.049954 0.130327 0.127736 0.212631 0.234440 0.212499 0.282210 0.134728
125 0.222982 0.189425 0.060256 0.136125 0.125249 0.221920 0.231523 0.218324 0.270467 0.141156
125 0.222877 0.195383 0.047394 0.125986 0.122479 0.211236 0.230985 0.207820 0.269360 0.144304
126 0.162394 0.082847 0.033851 0.153074 0.157644 0.174097 0.167171 0.194650 0.175705 0.150439
126 0.159695 0.074858 0.031853 0.151231 0.160875 0.178831 0.169316 0.195432 0.172692 0.147769
126 0.150012 0.081553 0.036585 0.146794 0.161159 0.191051 0.171896 0.194463 0.169773 0.152249
127 0.236469 0.144879 0.070716 0.143249 0.164825 0.140940 0.319286 0.289210 0.166724 0.372181
127 0.242642 0.157346 0.062043 0.134637 0.173152 0.144385 0.323796 0.294382 0.152912 0.375142
127 0.250438 0.159985 0.061918 0.147261 0.175690 0.129605 0.328366 0.288978 0.149158 0.372228
128 0.189693 0.210282 0.070005 0.144522 0.136297 0.127016 0.343833 0.373478 0.138848 0.280016
128 0.193712 0.202619 0.057833 0.140871 0.128415 0.129170 0.333779 0.364918 0.141101 0.293234
128 0.187865 0.210231 0.058900 0.136924 0.137314 0.123921 0.341282 0.359144 0.139674 0.285203
129 0.198743 0.060583 0.072863 0.117950 0.144859 0.198572 0.157419 0.300683 0.172082 0.163084
129 0.210560 0.064261 0.072734 0.114747 0.146748 0.199933 0.162914 0.299416 0.172213 0.171695
129 0.200799 0.066277 0.066545 0.112891 0.152620 0.210819 0.163757 0.312885 0.177749 0.170668
1210 0.268594 0.134482 0.049568 0.119681 0.074527 0.269414 0.161348 0.259818 0.268652 0.186742
1210 0.249954 0.124643 0.061440 0.121982 0.069828 0.274063 0.169761 0.270711 0.279415 0.188462
1210 0.262036 0.126245 0.050559 0.117364 0.073736 0.279998 0.163868 0.264932 0.259793 0.188107
134 0.144443 0.224429 0.109559 0.160044 0.112595 0.200814 0.270974 0.237767 0.144720 0.213113
134 0.144020 0.219587 0.105001 0.165804 0.109986 0.205839 0.266428 0.229345 0.144796 0.213510
134 0.137165 0.224199 0.105053 0.167819 0.104693 0.196724 0.261913 0.226482 0.149163 0.220392
135 0.139303 0.217215 0.097181 0.178457 0.105348 0.201277 0.280435 0.240440 0.143043 0.206727
135 0.139172 0.215684 0.107713 0.165860 0.101469 0.196248 0.282113 0.238192 0.151297 0.210805
135 0.142026 0.219856 0.102527 0.166738 0.097424 0.193178 0.259098 0.227782 0.146748 0.216063
136 0.074821 0.273258 0.166414 0.171036 0.089289 0.208075 0.287376 0.260722 0.157190 0.192391
136 0.079484 0.273515 0.159086 0.168555 0.091775 0.216163 0.298335 0.265613 0.165391 0.192138
136 0.075085 0.277033 0.156948 0.173465 0.094952 0.209449 0.293784 0.274216 0.153285 0.203015
137 0.058838 0.359383 0.077180 0.138544 0.090574 0.220073 0.362549 0.215703 0.101366 0.373139
137 0.058174 0.355940 0.084249 0.143010 0.073509 0.210472 0.368269 0.227100 0.116534 0.375637
137 0.066380 0.347907 0.081631 0.152308 0.090310 0.211146 0.353957 0.216644 0.106983 0.367226
138 0.096931 0.293995 0.147986 0.207975 0.093557 0.213704 0.318605 0.244698 0.121392 0.450215
138 0.096990 0.295376 0.151148 0.207157 0.086802 0.213932 0.321083 0.242743 0.119961 0.448872
138 0.098307 0.294792 0.155032 0.201086 0.079987 0.211435 0.321363 0.249035 0.116566 0.454002
139 0.108579 0.288418 0.269417 0.197194 0.110719 0.228731 0.194510 0.279326 0.197572 0.252598
139 0.116154 0.290565 0.269905 0.204059 0.104023 0.223731 0.195215 0.285785 0.208825 0.248617
139 0.116064 0.279985 0.266802 0.206623 0.110341 0.241372 0.188754 0.281089 0.201791 0.266849
1310 0.109628 0.259324 0.216084 0.215168 0.117487 0.282203 0.245106 0.374576 0.200302 0.216000
1310 0.115899 0.260106 0.211766 0.214190 0.114832 0.292022 0.247205 0.371949 0.198634 0.218390
1310 0.099329 0.266891 0.228915 0.211965 0.109397 0.266514 0.235184 0.372685 0.201664 0.217887
145 0.212942 0.189452 0.080840 0.216358 0.107618 0.202431 0.220699 0.195544 0.295657 0.102445
145 0.220462 0.184133 0.083897 0.223056 0.129300 0.197505 0.219376 0.183149 0.293779 0.113434
145 0.219176 0.188526 0.098122 0.222331 0.125185 0.212721 0.223366 0.184746 0.288415 0.110795
146 0.199695 0.133520 0.108831 0.105372 0.188413 0.224385 0.254309 0.198015 0.266963 0.091938
146 0.193877 0.139483 0.093136 0.105821 0.197053 0.218293 0.245317 0.185256 0.276328 0.101710
146 0.197497 0.125684 0.108147 0.092552 0.191496 0.222997 0.243941 0.201066 0.261924 0.088950
147 0.286619 0.139635 0.090949 0.143108 0.234087 0.187763 0.459756 0.276078 0.350837 0.164922
147 0.284434 0.153721 0.087520 0.144041 0.226578 0.193472 0.455446 0.271503 0.346122 0.162318
147 0.285610 0.152133 0.092200 0.143877 0.233983 0.200020 0.457523 0.275142 0.350503 0.158420
148 0.235886 0.180629 0.145851 0.249919 0.220126 0.240898 0.422237 0.353552 0.346630 0.170718
148 0.236887 0.182560 0.134398 0.257605 0.230563 0.231090 0.425615 0.362495 0.353750 0.179797
148 0.234983 0.181206 0.136466 0.262807 0.229746 0.227586 0.425053 0.355898 0.350577 0.173895
149 0.248791 0.115486 0.131832 0.156172 0.219570 0.246078 0.156901 0.274606 0.298353 0.091985
149 0.240665 0.113128 0.120788 0.153621 0.222601 0.243667 0.163609 0.268127 0.280990 0.093693
149 0.236921 0.117998 0.127192 0.153801 0.223813 0.230004 0.158979 0.276747 0.281178 0.074228
1410 0.312645 0.062714 0.149426 0.224517 0.160689 0.313082 0.142929 0.272535 0.391358 0.078024
1410 0.312886 0.060590 0.136630 0.214378 0.159065 0.326383 0.149616 0.279686 0.381967 0.070024
1410 0.305004 0.073066 0.146183 0.211028 0.161843 0.316626 0.151165 0.285307 0.390208 0.070379
156 0.193187 0.145279 0.097366 0.104585 0.192097 0.224539 0.254615 0.180376 0.286606 0.103423
156 0.204430 0.129735 0.109544 0.104018 0.184090 0.224537 0.243342 0.191173 0.264747 0.088556
156 0.196421 0.134141 0.105272 0.112952 0.193073 0.211175 0.244201 0.189801 0.258346 0.105714
157 0.282149 0.153750 0.083687 0.136280 0.240646 0.193386 0.454423 0.280960 0.352475 0.157971
157 0.281866 0.142682 0.082468 0.136765 0.237582 0.187675 0.467009 0.269413 0.360301 0.173714
157 0.279146 0.141538 0.091790 0.144976 0.237006 0.187952 0.446639 0.286288 0.349571 0.153317
158 0.226764 0.181239 0.134667 0.255478 0.230499 0.227708 0.424910 0.346116 0.351130 0.166822
158 0.224320 0.185375 0.141121 0.254056 0.229964 0.243046 0.424364 0.356107 0.347897 0.172773
158 0.238106 0.186458 0.132386 0.248669 0.222836 0.234792 0.431605 0.358138 0.352226 0.178756
159 0.248997 0.110356 0.138401 0.151600 0.211824 0.247186 0.153116 0.266455 0.288309 0.092608
159 0.243146 0.106294 0.129224 0.143114 0.220114 0.254200 0.145905 0.263045 0.277576 0.089137
159 0.249143 0.112736 0.137987 0.160583 0.211365 0.236317 0.150796 0.274862 0.283715 0.086456
1510 0.305126 0.073571 0.140494 0.219197 0.174853 0.309819 0.150227 0.270039 0.383811 0.076067
1510 0.309990 0.070028 0.145425 0.220986 0.172376 0.314954 0.149272 0.274155 0.379812 0.083759
1510 0.315938 0.064919 0.153395 0.204657 0.156442 0.322439 0.147845 0.274505 0.381806 0.074862
167 0.210815 0.303081 0.159303 0.222423 0.118927 0.242912 0.403535 0.378761 0.300473 0.291097
167 0.206331 0.302430 0.152290 0.227206 0.128096 0.245269 0.401505 0.378574 0.283033 0.280478
167 0.205808 0.306970 0.154230 0.218084 0.127023 0.246889 0.405044 0.377562 0.289930 0.285836
168 0.182124 0.366848 0.098368 0.203282 0.163716 0.362324 0.457381 0.314346 0.392616 0.341350
168 0.172159 0.368345 0.088370 0.199170 0.163983 0.352090 0.453456 0.326614 0.393561 0.333489
168 0.162436 0.369333 0.087761 0.191981 0.168038 0.347771 0.451309 0.327878 0.402225 0.345443
169 0.223179 0.130822 0.133861 0.206265 0.121465 0.231641 0.160042 0.279997 0.284320 0.093533
169 0.233642 0.136469 0.135568 0.193239 0.130735 0.249983 0.168964 0.285875 0.279361 0.079663
169 0.227402 0.134178 0.132980 0.206520 0.121368 0.250168 0.171647 0.287429 0.285579 0.086920
1610 0.186247 0.135715 0.138776 0.255257 0.192243 0.408264 0.208790 0.296255 0.305373 0.128914
1610 0.183219 0.140944 0.133284 0.252224 0.187603 0.401679 0.210229 0.304257 0.305710 0.116347
1610 0.183521 0.143961 0.129300 0.251032 0.186498 0.411750 0.193546 0.284839 0.300483 0.133744
178 0.160415 0.237208 0.148619 0.207644 0.149508 0.358169 0.250998 0.194556 0.353130 0.122722
178 0.155284 0.250490 0.118531 0.202405 0.165410 0.359535 0.243670 0.193295 0.351591 0.130252
178 0.159791 0.230871 0.140390 0.200762 0.158344 0.370729 0.250570 0.203668 0.353111 0.125193
179 0.285100 0.203721 0.225960 0.318508 0.206703 0.293073 0.356374 0.461573 0.150939 0.375130
179 0.279120 0.220088 0.224176 0.322571 0.210627 0.297928 0.340220 0.471743 0.156771 0.380460
179 0.273779 0.215290 0.227139 0.326807 0.199759 0.292385 0.341862 0.469120 0.167242 0.372296
1710 0.356387 0.139169 0.238535 0.315883 0.204406 0.417333 0.354403 0.539456 0.226797 0.373282
1710 0.351923 0.142933 0.234915 0.300194 0.210878 0.426438 0.348374 0.535553 0.227265 0.370375
1710 0.352168 0.138890 0.232662 0.305337 0.202344 0.424065 0.352453 0.529712 0.220113 0.369520
189 0.349685 0.143043 0.227277 0.304952 0.207541 0.422740 0.344754 0.531689 0.219206 0.384529
189 0.352729 0.147516 0.240145 0.297933 0.208558 0.415167 0.346746 0.535100 0.225249 0.365006
189 0.350953 0.134947 0.235692 0.313964 0.200249 0.413577 0.352261 0.544773 0.211201 0.378455
1810 0.285018 0.210637 0.224352 0.320300 0.208263 0.291776 0.356580 0.468586 0.161205 0.374827
1810 0.272893 0.195951 0.232139 0.317037 0.200087 0.286962 0.342146 0.473328 0.166743 0.376344
1810 0.291753 0.212889 0.242261 0.322465 0.200145 0.296399 0.353441 0.470323 0.165782 0.387486
1910 0.166678 0.232988 0.151553 0.195544 0.156876 0.374636 0.253243 0.202395 0.352739 0.124973
1910 0.161168 0.231873 0.145487 0.205611 0.165051 0.364130 0.239155 0.204147 0.358082 0.117709
1910 0.160493 0.238448 0.142608 0.197557 0.149682 0.373128 0.244431 0.200218 0.352722 0.119170
234 0.074544 0.285318 0.155768 0.162959 0.088232 0.215206 0.289275 0.258540 0.160377 0.204439
234 0.076680 0.266697 0.152915 0.171450 0.096016 0.220802 0.288707 0.265176 0.159589 0.195560
234 0.079013 0.276945 0.160424 0.167217 0.094096 0.216268 0.293510 0.258889 0.160385 0.206152
235 0.077491 0.282459 0.158893 0.172964 0.087158 0.217092 0.278776 0.256410 0.162621 0.207119
235 0.068417 0.290543 0.167802 0.159769 0.079124 0.217320 0.291771 0.266931 0.162739 0.200669
235 0.072038 0.280895 0.164015 0.162120 0.084723 0.209544 0.295193 0.259053 0.156289 0.207920
236 0.132794 0.221396 0.102252 0.174002 0.104160 0.192661 0.265816 0.241012 0.140326 0.202633
236 0.137127 0.218314 0.096209 0.167957 0.092211 0.199315 0.274304 0.220634 0.154201 0.213058
236 0.134875 0.234814 0.107327 0.171228 0.109685 0.191751 0.276550 0.230637 0.146692 0.208164
237 0.147151 0.253365 0.103812 0.139279 0.121715 0.160192 0.312894 0.217576 0.129104 0.418433
237 0.147535 0.261844 0.108186 0.144759 0.114126 0.158254 0.319103 0.218927 0.141390 0.416767
237 0.156428 0.252201 0.103843 0.141830 0.114780 0.160871 0.298580 0.221420 0.118945 0.406571
238 0.102706 0.269776 0.082791 0.118484 0.096581 0.190999 0.314237 0.226000 0.133903 0.380902
238 0.081957 0.287435 0.094645 0.113417 0.112003 0.178242 0.316132 0.210695 0.135862 0.384195
238 0.099906 0.272830 0.082494 0.113071 0.095264 0.182996 0.322402 0.231911 0.142785 0.380767
239 0.152535 0.218047 0.233609 0.127038 0.105817 0.223763 0.225694 0.326424 0.176658 0.219860
239 0.152123 0.224492 0.243722 0.134018 0.100369 0.215386 0.226151 0.329373 0.189200 0.228603
239 0.158725 0.208063 0.231027 0.127483 0.101305 0.223206 0.236954 0.322256 0.187527 0.217610
2310 0.131282 0.217342 0.269394 0.120698 0.106238 0.283756 0.195584 0.261894 0.219452 0.238855
2310 0.143665 0.219093 0.270483 0.117579 0.101036 0.275921 0.195446 0.267248 0.205946 0.251148
2310 0.140917 0.207609 0.260988 0.127403 0.106788 0.285745 0.206518 0.271632 0.214056 0.242842
245 0.195413 0.136653 0.099549 0.111349 0.199632 0.219327 0.239819 0.187985 0.266559 0.094646
245 0.196492 0.139319 0.100974 0.101215 0.191100 0.215223 0.254532 0.192893 0.278454 0.098217
245 0.200973 0.128684 0.105348 0.097891 0.190674 0.222366 0.247849 0.195272 0.262022 0.091385
246 0.214805 0.180812 0.078539 0.231748 0.115690 0.191019 0.222714 0.175265 0.295882 0.119848
246 0.223158 0.184468 0.097447 0.222813 0.121261 0.197062 0.228837 0.193125 0.284796 0.103292
246 0.221133 0.191104 0.094766 0.223096 0.122571 0.211774 0.224310 0.190005 0.286977 0.115134
247 0.215948 0.309094 0.162701 0.226189 0.131161 0.246289 0.395779 0.390805 0.290596 0.290872
247 0.211867 0.302724 0.146949 0.216762 0.130658 0.243394 0.404084 0.371223 0.293277 0.283263
247 0.204471 0.312996 0.149835 0.209618 0.129039 0.241954 0.403505 0.383160 0.295851 0.289453
248 0.170261 0.370058 0.085118 0.196894 0.166028 0.355148 0.444044 0.338557 0.390201 0.341339
248 0.163121 0.376073 0.077369 0.190649 0.174407 0.357124 0.447851 0.329155 0.403223 0.347513
248 0.184405 0.367710 0.088239 0.196984 0.160618 0.358878 0.456275 0.316694 0.400974 0.346838
249 0.224045 0.136575 0.123775 0.206488 0.115724 0.248995 0.164337 0.288751 0.281957 0.075504
249 0.233523 0.133818 0.128878 0.198059 0.126948 0.248964 0.168326 0.288614 0.285307 0.079779
249 0.219832 0.135083 0.132799 0.203021 0.111267 0.244178 0.177198 0.292926 0.288192 0.059246
2410 0.189429 0.132131 0.128006 0.256472 0.198453 0.402058 0.198438 0.287825 0.294807 0.144275
2410 0.183165 0.138938 0.129470 0.248693 0.192793 0.412348 0.204043 0.295408 0.291866 0.129791
2410 0.198158 0.134483 0.130824 0.250558 0.191581 0.407956 0.203807 0.299309 0.301598 0.125201
256 0.215291 0.195338 0.090665 0.221607 0.120061 0.207317 0.229777 0.194399 0.294819 0.106687
256 0.225946 0.189657 0.090551 0.230024 0.112229 0.205588 0.218759 0.180278 0.293600 0.119249
256 0.215940 0.175612 0.085618 0.226231 0.120726 0.215600 0.225882 0.180662 0.297818 0.116252
257 0.208532 0.314379 0.144173 0.214023 0.123735 0.245628 0.400563 0.371035 0.295229 0.284708
257 0.208894 0.305804 0.149079 0.226446 0.130706 0.239596 0.401232 0.376017 0.294558 0.282312
257 0.216630 0.306179 0.165684 0.218080 0.130008 0.245894 0.399985 0.383100 0.293021 0.288284
258 0.168489 0.369655 0.080339 0.202358 0.172876 0.350653 0.445570 0.322796 0.391923 0.349116
258 0.163129 0.369155 0.082630 0.207540 0.170343 0.354348 0.451631 0.326487 0.400223 0.350039
258 0.171253 0.354803 0.079641 0.201443 0.164590 0.351946 0.460816 0.334446 0.395151 0.344857
259 0.227776 0.144227 0.128794 0.197242 0.120743 0.248604 0.176371 0.294403 0.287196 0.080595
259 0.232527 0.144982 0.134752 0.203117 0.122431 0.250910 0.164903 0.285709 0.280792 0.079075
259 0.233339 0.136502 0.128384 0.208065 0.122803 0.243168 0.163707 0.277973 0.278116 0.089806
2510 0.177692 0.141424 0.127965 0.244876 0.181032 0.404616 0.196493 0.285983 0.305189 0.131575
2510 0.181316 0.143667 0.124178 0.249715 0.185014 0.412292 0.207192 0.295100 0.302840 0.128838
2510 0.196424 0.130283 0.127858 0.247602 0.190145 0.406952 0.218375 0.290549 0.304081 0.128004
267 0.277274 0.149865 0.086004 0.139517 0.237016 0.201235 0.445998 0.278359 0.352094 0.152564
267 0.283602 0.143001 0.093588 0.147050 0.232596 0.186638 0.455656 0.274906 0.353849 0.163546
267 0.284616 0.145565 0.084591 0.146050 0.234157 0.183696 0.452342 0.285031 0.351319 0.159570
268 0.236312 0.187168 0.136051 0.245815 0.224352 0.242917 0.425451 0.354936 0.351483 0.178672
268 0.241411 0.189618 0.138789 0.246754 0.221108 0.230804 0.426284 0.348194 0.352969 0.181081
268 0.235200 0.178422 0.135812 0.255591 0.228260 0.230684 0.424268 0.350132 0.353771 0.177631
269 0.240380 0.111749 0.126075 0.150607 0.216963 0.249318 0.154120 0.273967 0.286697 0.091960
269 0.247804 0.108961 0.120938 0.153520 0.214866 0.237892 0.153024 0.275373 0.282888 0.084651
269 0.242358 0.104611 0.133117 0.147513 0.215632 0.250422 0.157995 0.270473 0.283395 0.085457
2610 0.308709 0.072683 0.133527 0.223014 0.168403 0.312600 0.139563 0.275260 0.389780 0.071857
2610 0.304152 0.077183 0.142588 0.218969 0.166139 0.314152 0.144503 0.281660 0.391675 0.082596
2610 0.311172 0.073317 0.134590 0.208219 0.164391 0.321296 0.154937 0.277047 0.396091 0.072702
278 0.279442 0.118143 0.111304 0.205698 0.151793 0.292440 0.286183 0.158441 0.362381 0.072885
278 0.276667 0.118686 0.110084 0.208060 0.151047 0.294864 0.284238 0.161747 0.362115 0.069264
278 0.282006 0.121552 0.114526 0.213348 0.156596 0.304130 0.292543 0.163195 0.359312 0.066560
279 0.571213 0.067006 0.271955 0.218471 0.306166 0.279453 0.365925 0.601825 0.279546 0.451690
279 0.579213 0.086052 0.263237 0.230412 0.313530 0.271961 0.362537 0.601124 0.262268 0.446673
279 0.575023 0.066670 0.269227 0.205958 0.298032 0.282790 0.361214 0.606400 0.270638 0.451195
2710 0.522013 0.155448 0.314804 0.253742 0.338226 0.256086 0.197286 0.590142 0.267466 0.433088
2710 0.509726 0.153617 0.308737 0.263553 0.339875 0.238754 0.198760 0.594257 0.272985 0.438962
2710 0.518405 0.148874 0.305287 0.258182 0.333369 0.243825 0.192032 0.598802 0.271388 0.441225
289 0.511017 0.147992 0.302634 0.254900 0.332198 0.258948 0.204602 0.591527 0.263309 0.450306
289 0.510560 0.162488 0.301989 0.262431 0.350351 0.250046 0.200578 0.594494 0.259757 0.447203
289 0.512281 0.160306 0.317234 0.262877 0.341492 0.246825 0.198085 0.589973 0.281929 0.437065
2810 0.583786 0.052163 0.273296 0.211339 0.300511 0.280344 0.372971 0.611425 0.268277 0.450247
2810 0.582033 0.065827 0.271898 0.218542 0.297887 0.275335 0.366711 0.601743 0.276804 0.444365
2810 0.573493 0.066041 0.270409 0.209528 0.304437 0.278961 0.363808 0.611035 0.273080 0.452478
2910 0.267678 0.124297 0.105396 0.212602 0.154593 0.296775 0.284838 0.164337 0.369771 0.075649
2910 0.280379 0.122099 0.110435 0.207111 0.150127 0.299074 0.282132 0.168474 0.365565 0.068284
2910 0.276117 0.118351 0.105457 0.203731 0.155886 0.298713 0.285537 0.171536 0.365414 0.066037
345 0.099279 0.235258 0.103258 0.211285 0.144163 0.210449 0.233508 0.274771 0.130538 0.239219
345 0.094540 0.244354 0.095685 0.193892 0.123264 0.210920 0.233448 0.261392 0.142636 0.245097
345 0.095667 0.235700 0.100394 0.217543 0.141789 0.203733 0.229071 0.263621 0.136177 0.255142
346 0.082846 0.238404 0.040556 0.040210 0.076687 0.216944 0.220304 0.208125 0.146817 0.218145
346 0.079595 0.237725 0.043070 0.046286 0.067519 0.221692 0.229301 0.196871 0.158996 0.219402
346 0.082637 0.243021 0.045144 0.040694 0.077763 0.224120 0.230376 0.212719 0.156861 0.208717
347 0.115721 0.284261 0.085786 0.098788 0.089344 0.186951 0.275077 0.252036 0.110865 0.413833
347 0.105426 0.283725 0.077101 0.113127 0.086589 0.177962 0.286617 0.241326 0.116342 0.404862
347 0.106392 0.285605 0.074560 0.104444 0.098716 0.183143 0.288716 0.251543 0.112065 0.406791
348 0.083150 0.276766 0.047706 0.093893 0.114660 0.103653 0.294613 0.212849 0.123627 0.447744
348 0.103654 0.292112 0.046298 0.095790 0.130955 0.094625 0.292048 0.222239 0.121577 0.453183
348 0.093762 0.282137 0.045954 0.107858 0.112910 0.104812 0.294964 0.214518 0.123906 0.447527
349 0.089029 0.209087 0.086543 0.074237 0.101899 0.249059 0.178571 0.271471 0.148087 0.266845
349 0.081279 0.216806 0.086532 0.074640 0.097082 0.247458 0.168596 0.268063 0.148974 0.266181
349 0.080251 0.191465 0.081714 0.069549 0.091642 0.259877 0.178717 0.265550 0.150856 0.262473
3410 0.102159 0.240589 0.098107 0.110308 0.135187 0.167171 0.167670 0.259637 0.184062 0.240091
3410 0.106884 0.241668 0.092956 0.117808 0.149449 0.174790 0.170654 0.273735 0.194188 0.235403
3410 0.102039 0.240466 0.100896 0.106734 0.130297 0.170401 0.160245 0.265462 0.186375 0.244992
356 0.085613 0.244382 0.037904 0.043642 0.078745 0.223592 0.225952 0.202738 0.152811 0.208887
356 0.075038 0.246973 0.043598 0.045718 0.074407 0.221429 0.228998 0.209201 0.162049 0.206271
356 0.080819 0.246033 0.038753 0.051924 0.075447 0.223008 0.229957 0.207329 0.141865 0.206321
357 0.111468 0.296631 0.078755 0.102598 0.090580 0.184118 0.278945 0.254777 0.116098 0.412872
357 0.111310 0.291505 0.068746 0.098029 0.088685 0.182326 0.289857 0.241824 0.111979 0.412613
357 0.118202 0.301371 0.074310 0.114673 0.100223 0.168464 0.279542 0.254443 0.116728 0.403788
358 0.082145 0.273477 0.045362 0.090547 0.105874 0.116925 0.291185 0.222472 0.133383 0.439898
358 0.088349 0.281429 0.040114 0.102989 0.113582 0.106617 0.289473 0.223436 0.130176 0.444608
358 0.095223 0.270297 0.043270 0.107745 0.107877 0.104961 0.285509 0.237542 0.135093 0.442492
359 0.083460 0.201762 0.078462 0.077544 0.080773 0.255895 0.173837 0.275271 0.158474 0.260064
359 0.090524 0.203888 0.080886 0.085267 0.094249 0.256103 0.188487 0.272604 0.146986 0.259890
359 0.091354 0.205280 0.077343 0.080979 0.098297 0.261070 0.182055 0.275165 0.158893 0.256507
3510 0.091275 0.240288 0.104705 0.103671 0.139600 0.165794 0.156193 0.263286 0.180124 0.245974
3510 0.100077 0.238725 0.098709 0.115395 0.138582 0.153993 0.158068 0.259592 0.185784 0.247082
3510 0.089446 0.229339 0.095455 0.107719 0.133039 0.169678 0.169991 0.257853 0.185244 0.246557
367 0.111104 0.294987 0.045850 0.198511 0.129416 0.175873 0.288607 0.200681 0.120496 0.441616
367 0.107171 0.283350 0.049759 0.200016 0.125878 0.169241 0.289208 0.189623 0.128584 0.449075
367 0.103231 0.297587 0.057660 0.205771 0.138655 0.177853 0.282096 0.196582 0.119462 0.448043
368 0.118675 0.305021 0.045711 0.155557 0.103059 0.169529 0.277218 0.228616 0.101499 0.401724
368 0.127497 0.304904 0.047556 0.141344 0.101172 0.169164 0.274633 0.223152 0.106219 0.408072
368 0.125523 0.304719 0.046036 0.147137 0.096885 0.173418 0.278241 0.231897 0.101046 0.408451
369 0.080849 0.251110 0.169007 0.209071 0.143463 0.212801 0.172094 0.285155 0.135560 0.255450
369 0.082571 0.248934 0.172394 0.214446 0.148954 0.206479 0.173167 0.284154 0.135456 0.250532
369 0.081572 0.245347 0.177617 0.212670 0.147954 0.215989 0.170175 0.284549 0.142523 0.255841
3610 0.090638 0.253495 0.100298 0.170355 0.108285 0.199870 0.171549 0.293001 0.139326 0.275657
3610 0.084691 0.244748 0.087897 0.166370 0.114504 0.189593 0.168630 0.314121 0.148777 0.278421
3610 0.103219 0.247223 0.096472 0.165469 0.110026 0.195210 0.176258 0.314130 0.143781 0.270153
378 0.091523 0.261195 0.050794 0.114023 0.089275 0.182368 0.238083 0.229600 0.131412 0.231598
378 0.094752 0.249113 0.042689 0.126652 0.088021 0.193767 0.232223 0.233800 0.129698 0.212793
378 0.091988 0.249953 0.043335 0.120693 0.102509 0.191624 0.231692 0.232744 0.126996 0.216453
379 0.102725 0.321223 0.124580 0.178860 0.118868 0.203664 0.284002 0.311500 0.115946 0.437430
379 0.082682 0.323000 0.123713 0.189337 0.127180 0.202230 0.279450 0.300024 0.108315 0.446754
379 0.078511 0.314146 0.121273 0.194269 0.130428 0.206843 0.281765 0.310116 0.112752 0.442770
3710 0.128080 0.313426 0.199070 0.156927 0.142759 0.197004 0.246512 0.296318 0.132653 0.481045
3710 0.136155 0.314143 0.194581 0.158187 0.129755 0.201758 0.237502 0.306249 0.128489 0.481420
3710 0.132694 0.306457 0.206397 0.157956 0.134944 0.217750 0.249835 0.291734 0.140037 0.472987
389 0.131120 0.312063 0.199065 0.164703 0.137359 0.206006 0.244620 0.299209 0.126444 0.484560
389 0.131239 0.313668 0.191002 0.162565 0.132700 0.208564 0.237961 0.298080 0.132534 0.472844
389 0.129155 0.309882 0.201339 0.164543 0.142723 0.205890 0.243476 0.297335 0.137040 0.472273
3810 0.087308 0.327800 0.124288 0.176418 0.112920 0.202701 0.285119 0.316385 0.102765 0.439822
3810 0.090332 0.328064 0.122264 0.184506 0.130721 0.202249 0.279962 0.310028 0.111784 0.446469
3810 0.087269 0.324291 0.123025 0.179440 0.115586 0.195193 0.273072 0.323484 0.115306 0.440454
3910 0.084125 0.260061 0.051623 0.124521 0.099932 0.187210 0.234355 0.229727 0.123989 0.233166
3910 0.093076 0.254890 0.055981 0.122044 0.100891 0.190928 0.231526 0.236534 0.119533 0.216155
3910 0.094769 0.257649 0.054503 0.122615 0.091192 0.184251 0.225946 0.228790 0.128215 0.235149
456 0.219176 0.182562 0.061901 0.140237 0.136413 0.207665 0.232936 0.220036 0.269394 0.134338
456 0.207308 0.175979 0.052300 0.144239 0.143022 0.222337 0.230000 0.211583 0.274209 0.130574
456 0.225502 0.179188 0.063221 0.137056 0.137758 0.217630 0.236226 0.210217 0.284637 0.133351
457 0.188317 0.214810 0.032369 0.193193 0.182833 0.188367 0.405459 0.258074 0.190141 0.167282
457 0.198047 0.220632 0.045935 0.172962 0.182231 0.188034 0.390683 0.256261 0.191169 0.156952
457 0.200430 0.206995 0.055015 0.187736 0.180237 0.200493 0.383320 0.271569 0.192657 0.169486
458 0.294540 0.219197 0.109192 0.251682 0.212314 0.139175 0.400497 0.257597 0.245279 0.290671
458 0.293976 0.221157 0.109352 0.262948 0.203529 0.139706 0.409184 0.249100 0.249677 0.284266
458 0.292818 0.209333 0.099962 0.251362 0.210054 0.144184 0.393628 0.261736 0.240976 0.278898
459 0.296917 0.126583 0.104690 0.142276 0.152893 0.232928 0.139494 0.224505 0.311909 0.156909
459 0.295545 0.122856 0.102046 0.132045 0.148105 0.233618 0.130562 0.218244 0.300830 0.161937
459 0.289009 0.112377 0.108776 0.151851 0.157949 0.249865 0.142487 0.225099 0.310156 0.157777
4510 0.296203 0.138798 0.154027 0.205408 0.181238 0.246173 0.145852 0.300431 0.287415 0.147828
4510 0.291768 0.127709 0.152967 0.212386 0.184759 0.243002 0.165578 0.308335 0.295516 0.139282
4510 0.288642 0.130783 0.152909 0.218061 0.184516 0.249216 0.141816 0.304280 0.294785 0.144886
467 0.244492 0.157966 0.066059 0.144846 0.172310 0.133205 0.320454 0.297727 0.149308 0.370866
467 0.241281 0.154858 0.060344 0.129099 0.177360 0.131260 0.323343 0.280646 0.159757 0.378105
467 0.252993 0.166696 0.053037 0.148646 0.177945 0.126217 0.332161 0.293178 0.152751 0.381294
468 0.199647 0.203886 0.063062 0.130576 0.133239 0.127718 0.350539 0.372154 0.147208 0.284384
468 0.196352 0.206525 0.065628 0.151534 0.129066 0.116663 0.338159 0.374412 0.138977 0.276974
468 0.191666 0.208514 0.058794 0.140537 0.128081 0.119898 0.339081 0.361404 0.147716 0.284219
469 0.202867 0.050447 0.068014 0.110052 0.150148 0.207770 0.168781 0.304592 0.171765 0.157765
469 0.205090 0.066417 0.075776 0.112503 0.150078 0.211316 0.156620 0.302267 0.184504 0.159817
469 0.204319 0.066111 0.074042 0.108012 0.141376 0.209205 0.167011 0.306685 0.173682 0.156768
4610 0.254328 0.128113 0.052189 0.119746 0.069363 0.279135 0.166896 0.265545 0.276246 0.200040
4610 0.256176 0.124148 0.057939 0.116382 0.075121 0.279994 0.174350 0.255523 0.264899 0.187881
4610 0.267687 0.130871 0.042385 0.113651 0.076660 0.266891 0.158588 0.257223 0.282506 0.196609
478 0.228934 0.169090 0.049451 0.091202 0.109182 0.219293 0.194692 0.190715 0.246115 0.155630
478 0.220213 0.161209 0.049736 0.084393 0.094328 0.221328 0.197454 0.196491 0.248120 0.157278
478 0.213413 0.169778 0.054302 0.080719 0.100743 0.225136 0.212375 0.208250 0.258711 0.150453
479 0.374022 0.103087 0.058024 0.170778 0.111683 0.176225 0.297934 0.433328 0.113545 0.384896
479 0.378430 0.102638 0.061701 0.175645 0.120976 0.171852 0.299630 0.431111 0.104197 0.382909
479 0.369382 0.090699 0.052295 0.167543 0.109470 0.176481 0.294908 0.424780 0.110706 0.383004
4710 0.297490 0.187987 0.098060 0.128499 0.105889 0.143443 0.227762 0.446295 0.100620 0.464296
4710 0.286434 0.166409 0.099881 0.120872 0.127487 0.139466 0.216898 0.441945 0.090424 0.469819
4710 0.294296 0.184306 0.098940 0.137599 0.114613 0.140421 0.225355 0.442737 0.094419 0.464732
489 0.285293 0.178774 0.102809 0.113956 0.114349 0.147451 0.218920 0.438588 0.104559 0.461007
489 0.291084 0.185201 0.101968 0.116107 0.121728 0.137629 0.220001 0.447570 0.103925 0.469957
489 0.295625 0.176678 0.106354 0.126669 0.123683 0.143313 0.215549 0.446645 0.094728 0.468837
4810 0.377118 0.101030 0.053733 0.174792 0.125515 0.176143 0.297699 0.423534 0.106974 0.390691
4810 0.376697 0.099695 0.049701 0.175362 0.124814 0.168310 0.293904 0.428357 0.100466 0.383054
4810 0.381479 0.094627 0.061000 0.180036 0.119988 0.172442 0.300734 0.426058 0.114124 0.373004
4910 0.218717 0.165995 0.058660 0.082979 0.096407 0.224868 0.210160 0.201801 0.254647 0.144601
4910 0.226362 0.167733 0.058278 0.083657 0.111766 0.219054 0.213898 0.194918 0.246685 0.142318
4910 0.220470 0.168101 0.053527 0.091813 0.105258 0.216167 0.205129 0.191323 0.260035 0.162877
567 0.244965 0.160444 0.062370 0.144391 0.183299 0.131998 0.328387 0.279255 0.158210 0.370895
567 0.252990 0.156173 0.062778 0.142932 0.172621 0.142594 0.314536 0.298393 0.145571 0.365744
567 0.250826 0.156412 0.058175 0.138484 0.191476 0.134959 0.327172 0.285999 0.146997 0.370665
568 0.194875 0.210010 0.060449 0.142284 0.131604 0.122260 0.341932 0.372746 0.138321 0.270368
568 0.185232 0.206441 0.060148 0.141136 0.126216 0.127746 0.344885 0.361512 0.136958 0.285130
568 0.196831 0.196722 0.070512 0.135382 0.134467 0.126478 0.332874 0.371064 0.131268 0.286953
569 0.208757 0.058710 0.071028 0.113798 0.143404 0.215989 0.156303 0.306018 0.190074 0.169824
569 0.206438 0.065640 0.076706 0.109224 0.152311 0.206375 0.162559 0.316700 0.185283 0.162340
569 0.202226 0.060699 0.067463 0.113930 0.150163 0.199814 0.162453 0.302104 0.178998 0.171827
5610 0.250065 0.123531 0.056283 0.107808 0.073293 0.281698 0.163720 0.268699 0.269009 0.198193
5610 0.272107 0.118330 0.042728 0.112016 0.093357 0.280770 0.157193 0.252875 0.261522 0.197814
5610 0.264078 0.118576 0.045074 0.117882 0.078984 0.271648 0.164790 0.261793 0.264482 0.193772
578 0.235175 0.171439 0.052698 0.093347 0.116222 0.218130 0.209072 0.203717 0.249077 0.145241
578 0.228253 0.168057 0.059880 0.090390 0.100699 0.214387 0.216403 0.200641 0.246370 0.143317
578 0.228120 0.161696 0.055831 0.080749 0.114553 0.215083 0.203402 0.196551 0.248779 0.156096
579 0.371111 0.096411 0.060997 0.171245 0.119810 0.177020 0.298026 0.431941 0.113616 0.376007
579 0.377318 0.100655 0.047301 0.176037 0.117116 0.168606 0.306394 0.428367 0.114318 0.379474
579 0.372394 0.105321 0.056328 0.175924 0.118512 0.179848 0.297008 0.431307 0.111771 0.379202
5710 0.292292 0.178456 0.106901 0.123451 0.113681 0.142991 0.223695 0.450851 0.101866 0.456795
5710 0.279648 0.177755 0.113641 0.113340 0.122088 0.146364 0.213869 0.451806 0.096105 0.463079
5710 0.291186 0.178266 0.112390 0.127337 0.108734 0.138859 0.218798 0.447123 0.103790 0.460999
589 0.297158 0.174532 0.097382 0.114492 0.120489 0.140972 0.212588 0.437913 0.089248 0.465417
589 0.288988 0.173988 0.103268 0.127729 0.120101 0.141265 0.225440 0.440338 0.092323 0.463569
589 0.294334 0.187290 0.115307 0.121067 0.114442 0.144122 0.212123 0.456903 0.104077 0.454858
5810 0.376674 0.098896 0.055434 0.174377 0.122690 0.173428 0.295232 0.435444 0.106200 0.383620
5810 0.381717 0.103679 0.058420 0.167188 0.117239 0.174775 0.300730 0.422848 0.117716 0.385046
5810 0.366798 0.100131 0.056005 0.169537 0.119948 0.176286 0.292217 0.431809 0.109915 0.379689
5910 0.219596 0.166074 0.057105 0.077239 0.098895 0.221349 0.210437 0.204800 0.254640 0.147239
5910 0.223332 0.160511 0.060561 0.078395 0.109525 0.222622 0.203330 0.201325 0.248781 0.148393
5910 0.223621 0.160401 0.056312 0.091286 0.104542 0.216129 0.202319 0.202458 0.243387 0.145450
678 0.207636 0.154494 0.092443 0.215947 0.192344 0.211601 0.223793 0.157612 0.250415 0.140161
678 0.204071 0.147711 0.085701 0.222267 0.187948 0.211313 0.226667 0.159643 0.252131 0.138522
678 0.203031 0.155512 0.085051 0.223760 0.191583 0.207125 0.226154 0.161479 0.246861 0.138394
679 0.471975 0.184131 0.249711 0.139584 0.213935 0.169974 0.255646 0.518264 0.212976 0.542032
679 0.467980 0.187221 0.242013 0.139581 0.214892 0.165663 0.259750 0.521766 0.203963 0.549247
679 0.459303 0.175968 0.247816 0.146843 0.224642 0.171457 0.262564 0.510640 0.206530 0.544707
6710 0.560462 0.104163 0.194922 0.230200 0.219629 0.213399 0.301014 0.503081 0.255362 0.422646
6710 0.558428 0.108243 0.194200 0.229579 0.226499 0.212390 0.291747 0.501264 0.257035 0.434068
6710 0.558092 0.108096 0.209675 0.230187 0.232793 0.204148 0.292048 0.496442 0.252657 0.411775
689 0.544907 0.096831 0.203622 0.238884 0.229333 0.215217 0.287378 0.502707 0.265837 0.419631
689 0.554682 0.097061 0.196548 0.238472 0.234127 0.216753 0.290561 0.502431 0.263443 0.414666
689 0.563636 0.110100 0.190339 0.229819 0.221131 0.223965 0.303030 0.510157 0.249052 0.417204
6810 0.464298 0.175143 0.239895 0.148401 0.216427 0.162298 0.256544 0.520504 0.210822 0.547614
6810 0.458886 0.180349 0.236699 0.143242 0.226481 0.169816 0.255710 0.519896 0.214926 0.543495
6810 0.471528 0.174790 0.243839 0.145762 0.214775 0.171383 0.267190 0.517644 0.202883 0.548845
6910 0.211084 0.154183 0.080620 0.217993 0.188663 0.211328 0.225385 0.162220 0.253430 0.143606
6910 0.210660 0.160296 0.086107 0.210549 0.181360 0.207307 0.217301 0.158438 0.257831 0.144216
6910 0.217302 0.152930 0.081177 0.218942 0.185118 0.206297 0.219786 0.159948 0.253111 0.137691
789 0.284310 0.122885 0.154624 0.220551 0.193667 0.245480 0.154624 0.300493 0.290182 0.149315
789 0.271173 0.129175 0.147547 0.215284 0.201236 0.245634 0.151885 0.310230 0.283169 0.145067
789 0.287967 0.144530 0.148566 0.204806 0.185017 0.243933 0.153979 0.303306 0.294543 0.135566
7810 0.307992 0.125861 0.089309 0.135080 0.143265 0.225695 0.131627 0.225985 0.296777 0.163226
7810 0.304625 0.118439 0.106092 0.137534 0.146934 0.233119 0.140871 0.216561 0.302375 0.163859
7810 0.291501 0.122399 0.112066 0.144955 0.152900 0.241097 0.150000 0.223810 0.308833 0.163700
7910 0.288736 0.215311 0.107776 0.264214 0.210773 0.139028 0.402685 0.262765 0.244982 0.288986
7910 0.290024 0.209258 0.115227 0.261674 0.218452 0.149289 0.405336 0.266553 0.248309 0.280340
7910 0.291241 0.203246 0.109003 0.264471 0.197065 0.155060 0.406047 0.261433 0.248246 0.284924
8910 0.198873 0.212845 0.035364 0.174721 0.187991 0.185157 0.380827 0.270599 0.180866 0.160894
8910 0.195495 0.211581 0.041692 0.187215 0.190707 0.190509 0.388182 0.263913 0.192317 0.174292
8910 0.200188 0.215259 0.041734 0.176563 0.181391 0.196459 0.384829 0.267864 0.183047 0.162216
