cur_topo missing1 missing2 missing3 missing4 missing5 missing6 missing7 missing8
12 0.118786 0.036733 0.033346 0.191110 0.156861 0.149308 0.183586 0.197325
12 0.116216 0.041710 0.017028 0.181373 0.159852 0.153992 0.175861 0.203762
12 0.115380 0.036644 0.020109 0.178389 0.155284 0.144859 0.183774 0.189375
13 0.088714 0.341345 0.096781 0.177756 0.101583 0.347118 0.103891 0.221691
13 0.085576 0.336539 0.088193 0.171872 0.096965 0.338274 0.107533 0.224240
13 0.083596 0.344418 0.109125 0.164695 0.094167 0.352480 0.104763 0.225054
14 0.173917 0.183309 0.063248 0.133589 0.205333 0.126088 0.190137 0.203416
14 0.173849 0.177441 0.066581 0.146689 0.206425 0.133373 0.193590 0.190342
14 0.169148 0.189508 0.059425 0.152154 0.215293 0.133423 0.201648 0.190830
15 0.173894 0.181680 0.055916 0.150506 0.195356 0.136742 0.207078 0.189444
15 0.176650 0.180212 0.071710 0.143998 0.208523 0.124479 0.184891 0.194974
15 0.165365 0.189553 0.066199 0.144693 0.215009 0.123953 0.195039 0.188156
16 0.170834 0.246611 0.167870 0.277532 0.197185 0.137870 0.243993 0.315755
16 0.166789 0.248637 0.162908 0.272597 0.205395 0.134886 0.256123 0.329135
16 0.159171 0.254733 0.166079 0.269890 0.197844 0.129519 0.251854 0.318164
17 0.288374 0.058808 0.226056 0.263593 0.147962 0.129689 0.211346 0.264173
17 0.280118 0.066478 0.229085 0.255854 0.152706 0.122697 0.207570 0.268875
17 0.283017 0.062252 0.233509 0.264411 0.141453 0.120464 0.217429 0.261045
18 0.206629 0.187986 0.084006 0.259265 0.124793 0.145709 0.256446 0.145609
18 0.195488 0.186191 0.078522 0.263199 0.121136 0.137844 0.261083 0.145481
18 0.183363 0.187574 0.074829 0.260768 0.104811 0.149022 0.260793 0.152612
23 0.196196 0.164623 0.122957 0.197876 0.087691 0.320218 0.130787 0.135367
23 0.206437 0.172545 0.127047 0.189752 0.082820 0.321421 0.130315 0.143315
23 0.187346 0.177833 0.131056 0.199683 0.093691 0.309967 0.124818 0.142461
24 0.193852 0.199448 0.068262 0.251748 0.104512 0.152446 0.263660 0.151125
24 0.198789 0.193082 0.076792 0.254244 0.123345 0.148484 0.255544 0.146391
24 0.198986 0.185876 0.077354 0.254685 0.106692 0.145973 0.253382 0.144906
25 0.188901 0.191187 0.072313 0.257787 0.104688 0.148456 0.257663 0.137053
25 0.195441 0.206383 0.075640 0.245583 0.119356 0.151428 0.261160 0.154020
25 0.196343 0.197952 0.074954 0.250031 0.119477 0.135474 0.253096 0.147690
26 0.376683 0.097388 0.193548 0.251101 0.249821 0.081710 0.330453 0.319837
26 0.379330 0.103818 0.200470 0.263987 0.243962 0.087501 0.355063 0.310277
26 0.377645 0.086900 0.197766 0.247389 0.252219 0.081014 0.344331 0.311000
27 0.335156 0.079605 0.179403 0.180400 0.243192 0.209633 0.264529 0.180827
27 0.328149 0.067498 0.177112 0.188816 0.244090 0.205158 0.262414 0.174710
27 0.327370 0.072892 0.172618 0.181059 0.255029 0.208086 0.262359 0.186242
28 0.166073 0.176846 0.050563 0.146385 0.210608 0.131858 0.200291 0.193921
28 0.176575 0.182241 0.067550 0.143499 0.205714 0.130366 0.195842 0.190536
28 0.173421 0.176448 0.064223 0.141797 0.211117 0.126108 0.199893 0.207947
34 0.102884 0.244054 0.090787 0.063037 0.109938 0.260936 0.149684 0.241580
34 0.109365 0.241921 0.084612 0.054740 0.108396 0.254489 0.149120 0.244009
34 0.119334 0.245341 0.074292 0.068465 0.112322 0.261987 0.147774 0.247657
35 0.088067 0.251011 0.087004 0.056009 0.096398 0.268812 0.159516 0.245605
35 0.108730 0.250033 0.080866 0.064614 0.106530 0.264786 0.156301 0.239677
35 0.115838 0.252200 0.070606 0.062923 0.104031 0.247852 0.147674 0.240545
36 0.105503 0.308293 0.133431 0.189657 0.122735 0.424853 0.136680 0.136203
36 0.109835 0.317832 0.134645 0.186495 0.121918 0.426741 0.147703 0.144003
36 0.126683 0.310008 0.136460 0.183527 0.116967 0.433187 0.134591 0.135904
37 0.080163 0.274589 0.173395 0.237013 0.187027 0.374017 0.117556 0.225009
37 0.066961 0.276754 0.174495 0.239338 0.174306 0.381168 0.122306 0.208682
37 0.075901 0.274411 0.172924 0.231209 0.172434 0.380653 0.119526 0.225208
38 0.129412 0.212222 0.062832 0.226400 0.135945 0.351647 0.108588 0.111851
38 0.121687 0.228893 0.055030 0.221826 0.147809 0.344514 0.094128 0.126396
38 0.131316 0.224284 0.058869 0.219854 0.142696 0.343014 0.107024 0.127421
45 0.220711 0.214662 0.045281 0.156351 0.115707 0.216279 0.258926 0.203450
45 0.223429 0.224423 0.047845 0.154916 0.122204 0.231138 0.261613 0.194930
45 0.224811 0.211915 0.047578 0.150045 0.118648 0.220729 0.256759 0.200571
46 0.258703 0.042045 0.046930 0.148325 0.057935 0.237098 0.230491 0.250316
46 0.271142 0.027231 0.046961 0.158265 0.059904 0.235242 0.227129 0.240446
46 0.268585 0.026553 0.044119 0.162334 0.053099 0.244509 0.232204 0.244102
47 0.237291 0.087339 0.058394 0.159320 0.160344 0.239493 0.157931 0.217610
47 0.239243 0.087020 0.052487 0.156480 0.165594 0.252171 0.146918 0.226348
47 0.233226 0.081731 0.058657 0.146147 0.161465 0.251626 0.149977 0.227539
48 0.111960 0.034994 0.024436 0.179121 0.155972 0.160197 0.161581 0.196137
48 0.110551 0.044409 0.019205 0.178417 0.152162 0.156675 0.177766 0.200428
48 0.115427 0.030095 0.026183 0.189629 0.158250 0.149993 0.181609 0.197461
56 0.263379 0.036232 0.041923 0.156764 0.063952 0.234647 0.226338 0.246935
56 0.268921 0.025604 0.046724 0.156243 0.060531 0.242690 0.221693 0.251517
56 0.259874 0.033682 0.050011 0.156463 0.061770 0.239438 0.232137 0.250891
57 0.233602 0.086038 0.052276 0.161991 0.152226 0.247968 0.150198 0.220581
57 0.233739 0.094212 0.050667 0.146363 0.165551 0.252215 0.141152 0.225607
57 0.234628 0.091719 0.056919 0.159787 0.155078 0.251448 0.135568 0.218551
58 0.113487 0.037793 0.016838 0.180792 0.158616 0.151089 0.180704 0.189767
58 0.110258 0.036201 0.024677 0.189211 0.161510 0.151839 0.174080 0.195672
58 0.111609 0.034117 0.017411 0.178970 0.158078 0.158910 0.170596 0.208832
67 0.181674 0.112690 0.047366 0.254077 0.210033 0.118446 0.161859 0.119760
67 0.178212 0.107841 0.048039 0.248803 0.200459 0.121204 0.153759 0.129854
67 0.186271 0.108763 0.052725 0.245502 0.197906 0.116413 0.146706 0.124269
68 0.339935 0.231687 0.127829 0.197249 0.211387 0.275233 0.219934 0.225307
68 0.348348 0.232148 0.129393 0.204605 0.210115 0.286885 0.216225 0.215232
68 0.336652 0.234104 0.125635 0.209732 0.220494 0.281144 0.214446 0.211868
78 0.352166 0.097812 0.123053 0.214371 0.200601 0.193165 0.241321 0.154149
78 0.365222 0.110674 0.115778 0.205934 0.191397 0.205288 0.238821 0.157968
78 0.349019 0.099825 0.128810 0.210613 0.194139 0.203386 0.257104 0.153097
