cur_topo missing1 missing2 missing3 missing4 missing5 missing6 missing7 missing8 missing9
12 0.056110 0.029386 0.026567 0.129057 0.157974 0.391853 0.024957 0.115692 0.028696
12 0.061238 0.027829 0.022090 0.141712 0.166104 0.374788 0.020895 0.106154 0.020609
12 0.058233 0.036646 0.021482 0.133191 0.162570 0.382376 0.016791 0.111441 0.028490
13 0.063104 0.358359 0.133717 0.062637 0.100185 0.466463 0.021602 0.104622 0.153070
13 0.067902 0.357794 0.136630 0.075632 0.101261 0.467361 0.023650 0.109651 0.167384
13 0.059384 0.359705 0.127982 0.064061 0.099096 0.470769 0.024770 0.113471 0.162242
14 0.371528 0.181745 0.091539 0.144674 0.240943 0.349082 0.140761 0.079037 0.081817
14 0.374962 0.168779 0.091023 0.143650 0.237086 0.342070 0.137336 0.074845 0.086869
14 0.372801 0.180461 0.091830 0.156792 0.253191 0.337356 0.136854 0.062053 0.084818
15 0.378829 0.180228 0.093118 0.145933 0.244263 0.337593 0.122644 0.077287 0.080101
15 0.372136 0.176131 0.102053 0.143521 0.241888 0.341839 0.132366 0.077007 0.084833
15 0.380575 0.164848 0.098504 0.141634 0.230911 0.345604 0.135364 0.070416 0.098429
16 0.132166 0.311564 0.149784 0.434216 0.279484 0.340813 0.165011 0.514338 0.216555
16 0.127890 0.312124 0.147134 0.431707 0.273313 0.345104 0.172904 0.518174 0.217622
16 0.141154 0.307998 0.145314 0.434008 0.277972 0.332635 0.176536 0.505224 0.206117
17 0.230364 0.097603 0.206322 0.319491 0.113717 0.393898 0.047825 0.382324 0.095538
17 0.228317 0.086654 0.208452 0.330594 0.112230 0.403344 0.053101 0.392439 0.102488
17 0.230689 0.095110 0.201425 0.325073 0.111837 0.405094 0.042240 0.388611 0.099949
18 0.211071 0.206459 0.182963 0.219522 0.190746 0.042240 0.350872 0.065579 0.468499
18 0.202646 0.209434 0.176733 0.223924 0.186957 0.058630 0.353961 0.063926 0.463471
18 0.217475 0.206682 0.181673 0.224786 0.193465 0.053370 0.358430 0.069314 0.469041
19 0.052706 0.327080 0.128782 0.350355 0.057638 0.418918 0.119760 0.284621 0.130617
19 0.054279 0.316599 0.139419 0.365775 0.062843 0.404077 0.107322 0.289293 0.117924
19 0.054084 0.317784 0.140669 0.367585 0.063981 0.416052 0.104559 0.291777 0.115226
23 0.136514 0.189513 0.086561 0.144420 0.111996 0.462302 0.035619 0.145577 0.083510
23 0.140179 0.188777 0.084252 0.146712 0.106399 0.466316 0.043394 0.141589 0.084180
23 0.142692 0.183951 0.079638 0.148925 0.104103 0.457446 0.057124 0.149469 0.079810
24 0.053188 0.316516 0.125329 0.355445 0.049431 0.416473 0.111757 0.294409 0.111627
24 0.060338 0.309754 0.129970 0.360069 0.053892 0.408172 0.110141 0.286269 0.115756
24 0.060150 0.323267 0.130493 0.357956 0.057437 0.414009 0.127363 0.292790 0.132275
25 0.050368 0.322089 0.126185 0.360388 0.059058 0.414861 0.107034 0.287828 0.127622
25 0.056175 0.313362 0.126768 0.365528 0.061346 0.403861 0.115584 0.296772 0.119945
25 0.051119 0.324598 0.124466 0.359906 0.058533 0.407389 0.108942 0.284008 0.122912
26 0.564937 0.095074 0.119756 0.066645 0.374490 0.350407 0.083818 0.442006 0.031623
26 0.568724 0.103263 0.129874 0.072859 0.372711 0.346876 0.098009 0.428200 0.025395
26 0.573584 0.105830 0.119431 0.069604 0.372034 0.351960 0.081779 0.433253 0.036117
27 0.580568 0.088376 0.177931 0.277980 0.365665 0.360040 0.099991 0.566380 0.051142
27 0.578505 0.085094 0.182540 0.274463 0.368247 0.361142 0.103167 0.568178 0.043538
27 0.574833 0.095729 0.176164 0.270874 0.377493 0.361697 0.098500 0.557259 0.060565
28 0.354067 0.096761 0.087354 0.192970 0.127198 0.046798 0.368087 0.063614 0.347968
28 0.345800 0.096138 0.077905 0.196361 0.138632 0.043925 0.370046 0.059130 0.350713
28 0.340099 0.104309 0.071262 0.196288 0.129892 0.035105 0.379992 0.066516 0.342475
29 0.373442 0.179885 0.093621 0.153033 0.237755 0.350379 0.135967 0.082113 0.076489
29 0.377504 0.166680 0.102229 0.135994 0.231684 0.343173 0.132669 0.062589 0.089065
29 0.386960 0.172193 0.098261 0.139700 0.232947 0.336659 0.137052 0.080908 0.099398
34 0.060519 0.281155 0.106335 0.084472 0.109650 0.503631 0.114411 0.196716 0.202255
34 0.067263 0.278147 0.097080 0.082097 0.112201 0.505614 0.104308 0.186263 0.194097
34 0.065286 0.276001 0.096842 0.089221 0.121411 0.512811 0.107723 0.197051 0.197069
35 0.062133 0.276931 0.097615 0.087383 0.105613 0.515972 0.103223 0.196686 0.191508
35 0.070049 0.276354 0.095507 0.085885 0.120555 0.502614 0.106079 0.189987 0.193953
35 0.083008 0.289280 0.100595 0.098711 0.123963 0.505717 0.101489 0.194774 0.190112
36 0.114670 0.282689 0.072694 0.250069 0.162890 0.521564 0.024242 0.260080 0.055065
36 0.114755 0.287767 0.077026 0.242635 0.153840 0.526332 0.029816 0.244877 0.063277
36 0.115029 0.280663 0.075038 0.244061 0.157112 0.522167 0.021853 0.260536 0.063359
37 0.129654 0.294759 0.086256 0.262551 0.168686 0.586808 0.046215 0.298438 0.107413
37 0.130046 0.299008 0.088532 0.266656 0.175714 0.586213 0.039715 0.297873 0.111716
37 0.133817 0.292720 0.099460 0.260124 0.179815 0.583230 0.034720 0.299492 0.114868
38 0.117712 0.243009 0.039093 0.094985 0.092379 0.169307 0.151462 0.169681 0.231248
38 0.105060 0.231729 0.029571 0.109036 0.096570 0.174178 0.147733 0.162523 0.241888
38 0.108619 0.239215 0.040479 0.109494 0.097779 0.178176 0.170153 0.159120 0.237917
39 0.096524 0.241711 0.053355 0.234633 0.136091 0.432470 0.026326 0.069830 0.094585
39 0.090998 0.245932 0.062962 0.233055 0.136293 0.423942 0.028335 0.054613 0.097411
39 0.089838 0.239283 0.051079 0.235969 0.137114 0.423736 0.028604 0.062711 0.086867
45 0.380213 0.222790 0.061832 0.185961 0.183913 0.459503 0.097161 0.173028 0.091564
45 0.379355 0.220395 0.061752 0.192674 0.190063 0.453212 0.090631 0.166513 0.084480
45 0.387809 0.221930 0.058661 0.184112 0.191092 0.460264 0.097295 0.173246 0.075157
46 0.150675 0.035848 0.020904 0.173302 0.101339 0.422381 0.034158 0.391544 0.026098
46 0.140589 0.034730 0.012933 0.171289 0.100393 0.428272 0.018435 0.399373 0.008426
46 0.133807 0.025692 0.019681 0.168677 0.098219 0.431141 0.018954 0.386847 0.015903
47 0.159918 0.094164 0.013484 0.257964 0.109717 0.501323 0.022233 0.393477 0.017842
47 0.147965 0.072342 0.029927 0.246506 0.094929 0.481388 0.022052 0.382386 0.030933
47 0.165184 0.077485 0.029985 0.263644 0.109555 0.493726 0.024986 0.384157 0.033119
48 0.237132 0.178944 0.059960 0.077398 0.142886 0.093287 0.307052 0.129982 0.276882
48 0.241658 0.179012 0.054503 0.086157 0.141407 0.094097 0.295639 0.129548 0.270002
48 0.244949 0.168206 0.064630 0.087837 0.149300 0.083372 0.297242 0.141979 0.273917
49 0.044031 0.037266 0.028991 0.135786 0.156866 0.385693 0.024553 0.117519 0.027980
49 0.064800 0.040610 0.023579 0.126964 0.159412 0.394022 0.022816 0.120187 0.032377
49 0.058264 0.035163 0.019590 0.130131 0.169758 0.380284 0.015402 0.113915 0.031845
56 0.137904 0.022614 0.014280 0.157146 0.096657 0.431709 0.021046 0.394428 0.018007
56 0.139511 0.044705 0.023234 0.168446 0.095720 0.432364 0.022235 0.394932 0.020219
56 0.148135 0.035843 0.022930 0.169343 0.100956 0.428561 0.021229 0.397516 0.020347
57 0.155404 0.082706 0.029596 0.258863 0.107669 0.487344 0.030756 0.382022 0.023660
57 0.159631 0.073261 0.018944 0.253364 0.105263 0.491839 0.024486 0.394515 0.030673
57 0.156999 0.080148 0.017269 0.260930 0.110983 0.494443 0.022240 0.391116 0.029452
58 0.243903 0.175316 0.061150 0.082211 0.149853 0.097845 0.303828 0.140403 0.277291
58 0.230182 0.169622 0.059621 0.077235 0.138804 0.091513 0.303986 0.138351 0.280710
58 0.243820 0.173455 0.059283 0.080629 0.148102 0.095590 0.294361 0.138143 0.272938
59 0.056372 0.040084 0.016056 0.125682 0.161792 0.390803 0.031506 0.119065 0.021575
59 0.056986 0.022630 0.029679 0.131756 0.155307 0.385379 0.022932 0.103679 0.023086
59 0.057493 0.031306 0.012626 0.136209 0.159034 0.389872 0.024081 0.116432 0.028688
67 0.293093 0.131945 0.055089 0.246990 0.200939 0.333115 0.037036 0.078988 0.067352
67 0.294174 0.134143 0.036188 0.248595 0.199006 0.339980 0.046704 0.084927 0.070464
67 0.289319 0.129329 0.057632 0.255110 0.208359 0.326500 0.028235 0.075533 0.059464
68 0.266777 0.088852 0.059802 0.135044 0.142052 0.113240 0.317092 0.158068 0.272218
68 0.278466 0.088804 0.056998 0.134022 0.137976 0.111596 0.320992 0.166638 0.263214
68 0.267964 0.092640 0.063496 0.131528 0.144338 0.106036 0.325375 0.163516 0.277418
69 0.511699 0.091758 0.092445 0.126232 0.311211 0.495445 0.071199 0.435435 0.052986
69 0.510235 0.108701 0.075435 0.128121 0.317097 0.507820 0.052820 0.435495 0.055101
69 0.520099 0.114378 0.079949 0.110728 0.309323 0.507473 0.062585 0.437944 0.043018
78 0.217982 0.142030 0.135877 0.201867 0.164537 0.156148 0.284355 0.265375 0.304930
78 0.218812 0.141723 0.127570 0.191932 0.161438 0.163903 0.280264 0.258833 0.305475
78 0.207682 0.140294 0.137944 0.195173 0.162482 0.147561 0.285631 0.268729 0.312609
79 0.407025 0.108578 0.073727 0.189390 0.254240 0.383581 0.071355 0.378897 0.038032
79 0.405564 0.114973 0.057802 0.192984 0.260961 0.387138 0.061894 0.380235 0.043869
79 0.402578 0.099011 0.067659 0.196748 0.260437 0.385343 0.060184 0.361324 0.041975
89 0.158001 0.110560 0.025667 0.194045 0.171424 0.042471 0.266195 0.100993 0.229792
89 0.153700 0.103550 0.024375 0.199756 0.177549 0.046619 0.258324 0.095069 0.226732
89 0.155237 0.105166 0.028802 0.191848 0.174214 0.043319 0.270968 0.089517 0.227123
